n	an	no	dierenleven
n	ddp	yes	dwaasheid
n	ddp	yes	mispunt
n	asm	no	nookie
n	cds	no	bietser
n	cds	no	lazerstraal
n	cds	no	prul
a	ddp	yes	stomme
n	om	no	ezel
n	svp	no	dorst
a	qas	no	zielig
n	pr	no	prostituee
n	an	no	melkvee
n	ddp	yes	geouwehoer
n	om	no	reetkever
n	an	no	biston betularia
n	cds	no	eigenliefde
n	an	no	caiman
n	ps	yes	leeghoofd
n	cds	no	gekkenhuis
n	om	no	homo
n	qas	no	tuig
n	an	no	grote wijngaardslak
n	an	no	pip-squeak
n	qas	no	conformiteit
n	asm	no	stomkop
n	an	no	soepkip
n	rci	yes	pummel
n	qas	no	woekerplant
n	an	no	fulvus
v	qas	no	verbruien
n	pr	no	del
n	qas	no	hond huis
v	asm	no	ketsen
n	an	no	steenezel
a	svp	no	hovaardig
n	cds	no	zeloten
v	is	yes	bidden
a	dmc	yes	ongehoord
n	an	no	straatmadelief
n	an	no	diertjes
n	om	no	buggery
a	svp	no	driftig
n	qas	no	boner
n	cds	no	afgodendienaars
n	rci	yes	boerenkinkel
n	asf	no	schaamhaar
n	om	no	lichaamshouding
n	an	no	weetniet
n	cds	no	ongezuiverd rioolwater
n	svp	no	naijver
n	pr	no	tippelen
n	re	no	piraterij
n	cds	no	kelerelijder
n	or	no	sufkont
n	qas	no	middenklasse
n	svp	no	koorts
n	cds	no	plantenveredeling
n	or	no	dom persoon
n	cds	no	boef
n	ddp	yes	gestoorde
n	dmc	yes	smoelentrekker
n	asm	no	mannetje
n	dmc	yes	stouterik
n	cds	no	arrogantie
n	cds	no	mafiabaas
n	dmc	yes	kapoen
n	rci	yes	kaffer
n	cds	no	hachelijke toestand
n	asm	no	kloris
n	an	no	capra
n	asm	no	doofus
n	pa	yes	huisbewaarder
n	cds	no	woekeraarster
n	re	no	grand theft
n	dmc	yes	vagebond
n	svp	no	leegloper
n	svp	no	fysieke aantrekkingskracht
n	asf	no	lobbes
n	cds	no	klerezooi
n	qas	no	granger
n	cds	no	boerenkarhengst
n	cds	no	bulk
n	an	no	smeerpoets
n	cds	no	staking te breken
n	pr	no	bruine rat
n	svp	no	intolerantie
n	cds	no	religiositeit
n	pr	no	hoveling
n	qas	no	rhetorica
n	pr	no	rattus norvegicus
n	svp	no	overeten
n	re	no	sluipmoordenaar
n	cds	no	camarilla
n	svp	no	plichtsverzaker
n	dmc	yes	misleiding
n	qas	no	brol
n	pa	yes	kantoorpik
n	svp	no	hoofdzonden
n	cds	no	verzameling
n	qas	no	kladschilder
n	cds	no	mengelmoes
n	asf	no	oelewapper
n	an	no	hemipteron
n	dmc	yes	hobo
a	is	yes	rouwig
n	an	no	luizen
n	qas	no	herrieschopper
n	ps	yes	zwartje
n	asm	no	nar
n	ddp	yes	stommerd
n	cds	no	dandy
n	qas	no	landbouwer
n	cds	no	kruising
n	an	no	luiaard
a	is	yes	sneu
n	an	no	kaffer
n	cds	no	liefdeskind
n	cds	no	gobs
n	dmc	yes	nep
n	cds	no	bendeoorlogen
n	an	no	knutten
n	qas	no	leugentje
n	asm	no	flouter
n	cds	no	goorlap
n	om	no	achtereinde
n	re	no	financieel misbruik
n	cds	no	speelman
n	dmc	yes	modderaar
n	cds	no	nietsdoener
n	dmc	yes	kunst
n	or	no	sodemieter
n	cds	no	siciliaanse maffia
n	asf	no	mafkikker
a	ddf	yes	lam
n	an	no	vrijbuiter
n	ps	yes	judaisme
n	re	no	snotjongen
n	om	no	achterwerk
n	dmc	yes	stinken
n	asm	no	piel
n	an	no	animeren zijn
n	cds	no	practical-joker
n	asf	no	mogool
v	qas	no	bijpleisteren
n	pr	no	slak
n	cds	no	bendelid
v	re	no	ontvreemden
n	cds	no	koppelaar
n	cds	no	bewaarder
n	re	no	corporate misbruiken
n	or	no	foeniculum vulgarae
n	qas	no	burgerman
n	re	no	misdaad
n	cds	no	zemelaar
n	asm	no	kastanjebruin
n	cds	no	heilige relikwie
a	svp	no	vertoornd
n	an	no	asymmetrische oren
n	cds	no	lapzwans
n	an	no	bangerd
n	an	no	mini-
n	cds	no	vervolger
n	ddp	yes	reptiel
n	an	no	zeeschorpioenen
n	or	no	klootzak
n	cds	no	knuppel
n	cds	no	kattekwaad
n	asm	no	maxilliped
n	dmc	yes	schuldig
n	ddp	yes	quatsch
n	ps	yes	kinkel
n	cds	no	mongool
n	re	no	gewapende overvallen
n	asf	no	vallen guy
n	cds	no	zanik
a	ps	yes	zwart
n	qas	no	boerenkarhengst
n	an	no	steekmug
n	qas	no	huurder boerderij
n	an	no	gedomesticeerde hond
n	cds	no	hack schrijver
n	an	no	nachtuil
n	svp	no	zelf-liefde
n	cds	no	quatsch
n	ddp	yes	goedzak
v	cds	no	peigeren
n	svp	no	dilly-dallier
n	dmc	yes	immoreel
n	qas	no	verlaten schip
n	asm	no	aanhangsels
n	an	no	gyps fulvus fulvus
n	an	no	pediculus humanus
n	an	no	geiten
v	qas	no	verwarren
n	re	no	traducement
n	pa	yes	visboer
n	pr	no	echtbreekster
n	cds	no	tegenspraak
n	ddp	yes	hondenlul
n	cds	no	glimmerik
a	ddp	yes	ondoordacht
n	re	no	stealer
n	dmc	yes	smeden
n	or	no	uilenbal
n	ddp	yes	meercelligen
n	cds	no	veedief
n	ddp	yes	eend
n	ddp	yes	lijp
n	ddp	yes	dickhead
n	cds	no	door de mens veroorzaakte hybride
n	an	no	krulstaart
n	or	no	fuckhoofd
n	an	no	kaaimannen
n	svp	no	hovaardij
n	qas	no	landarbeiders
n	asm	no	pisum sativum
n	rci	yes	woudezel
v	cds	no	de wereld verlaten
n	cds	no	propagandist
n	asf	no	dimwit
n	or	no	tomaat
n	an	no	eendenkuiken
n	cds	no	stommigheid
n	an	no	mug
n	or	no	sativus
n	ddp	yes	onnozele bloed
n	an	no	insekt
n	dmc	yes	pseudo
n	cds	no	barbaren
n	qas	no	vuilnis
n	om	no	mietje
n	svp	no	inertie
n	cds	no	dj mason
n	an	no	jakhals
n	pa	yes	uitvaartondernemer
n	is	yes	verworpene
n	an	no	huisrund
v	qas	no	mispeuteren
n	om	no	homoseksuelen
n	dmc	yes	stouterd
n	re	no	belediging
n	qas	no	krot
n	cds	no	verboden
n	asm	no	vogels
n	pr	no	hoeren
n	cds	no	grungeband
n	pa	yes	loontrekker
v	asm	no	vozen
n	pr	no	noorwegen rat
n	ddp	yes	cretin
n	svp	no	erschrikking
n	pa	yes	rouwdouwer
n	re	no	stelende
n	re	no	overvallen
n	cds	no	oppervlakkigheid
n	qas	no	dilettant
n	an	no	wafel
a	cds	no	zelfingenomen
a	dmc	yes	vuil
n	cds	no	hoofd
n	cds	no	gang
v	cds	no	ad patres gaan
n	or	no	sufkop
n	cds	no	galgebrok
a	ps	yes	negerin
n	qas	no	een
n	or	no	meticulosity
n	cds	no	volume
n	an	no	canis familiaris
n	asm	no	flapdrol
n	ddp	yes	kloris
n	an	no	brutale meid
n	om	no	dame
n	dmc	yes	bedrieger
n	cds	no	klungel
n	pr	no	moervos
n	cds	no	schijtluis
v	cds	no	schrompelen
n	asm	no	spotvogel
v	ddp	yes	verblinden
n	cds	no	huilebalk
n	re	no	straatrover
n	an	no	folderol
n	svp	no	wellustig
n	asm	no	kinderkaartspel
n	cds	no	ostentatiousness
n	qas	no	naleving van de regelgeving
n	qas	no	amateurisme
n	dmc	yes	trifler
a	svp	no	bits
n	qas	no	prutser
a	ddp	yes	krankzinnige
n	ddp	yes	kluns
n	asf	no	kluts
n	pa	yes	academische kunst
n	svp	no	hoogmoed
n	ddp	yes	hooey
n	ddp	yes	prutser
a	ddp	yes	argeloos
n	dmc	yes	rube
n	pa	yes	jezuïet
n	qas	no	stommigheid
n	ddp	yes	brutaliteit
n	ddp	yes	dom
a	dmc	yes	nagemaakt
n	dmc	yes	huichelaar
n	re	no	misbruik van gezag
n	om	no	queer
n	an	no	vamper
n	dmc	yes	slechterik
n	ps	yes	boerenpummel
n	ddp	yes	zwakzinnig
n	dmc	yes	hongerlijder
n	ps	yes	kwezel
n	qas	no	middle class
a	is	yes	triestig
n	pr	no	brutaaltje
n	is	yes	verworpeling
n	an	no	zooerasty
n	an	no	binnenlandse schapen
n	cds	no	bellyacher
n	an	no	os
n	asf	no	onnozel persoon
n	cds	no	grappenmakerij
n	qas	no	barbaar
n	an	no	zuur gezicht
n	an	no	muil
n	qas	no	parasieten
n	svp	no	kniezen
n	cds	no	nymfo
n	is	yes	cheapskate
n	ddp	yes	pleurislijder
n	or	no	dom
n	pr	no	hoererij
n	ddp	yes	zwakzinnigheid
n	svp	no	schriel
n	svp	no	minimumlijder
n	an	no	sufferd
n	pr	no	kankerwijf
n	ddp	yes	shithead
n	cds	no	gewichtigheid
n	ps	yes	primitieveling
a	cds	no	geraffineerd
n	re	no	terroristische organisatie
n	or	no	domoor
n	cds	no	stouterik
n	is	yes	paraiyar
v	cds	no	creperen
n	ps	yes	romanis
a	svp	no	hoogmoedig
v	cds	no	het hoekje om gaan
n	cds	no	chiseler
n	re	no	infanticide
n	qas	no	afraffelen
n	dmc	yes	stuntel
n	asm	no	malloot
n	an	no	stryx varia
n	ps	yes	zakkenwasser
n	qas	no	volgeling
n	cds	no	lijpo
n	cds	no	rustler
n	asf	no	dumbass
n	cds	no	hooimold
n	re	no	schobbejak
n	ddp	yes	muttonhead
n	re	no	afdreiging
n	an	no	diddlysquat
n	ddp	yes	gezondheid fraude
n	or	no	homo's
n	cds	no	loansharking
n	qas	no	parasiteert
n	cds	no	verbastering
n	ps	yes	gestoorde
n	an	no	kalfskop
n	an	no	varkensrassen
n	om	no	bruinwerker
n	ps	yes	bulgaars
v	cds	no	buffelen
n	or	no	vingerhoed
n	pr	no	concubine
n	qas	no	divulgement
n	dmc	yes	schelm
v	qas	no	verbrodden
n	ps	yes	kweker
n	an	no	vee
n	an	no	grofheid
n	cds	no	post-grunge
n	cds	no	eendenkuiken
n	cds	no	zelf-liefde
n	qas	no	wilde
a	is	yes	depressief
n	or	no	witte kool
n	cds	no	flapuit
n	svp	no	luierik
n	cds	no	onderhandelaar
n	qas	no	meute
n	dmc	yes	toddik
n	cds	no	motley fool
n	is	yes	boef
n	pr	no	hoertje
a	is	yes	pijnlijk
n	cds	no	hoaxer
n	asm	no	fucked
n	om	no	paederast
n	cds	no	casinospel
n	qas	no	roes
n	cds	no	weetniet
n	dmc	yes	landlopen
n	an	no	lapzwans
n	ps	yes	boerenkarhengst
n	or	no	squash vine
n	dmc	yes	misdadiger
n	ps	yes	dakloze
n	an	no	rotganzen
n	cds	no	bendes
n	cds	no	lammeling
n	ps	yes	nikker
n	qas	no	tennef
n	dmc	yes	boerenkinkel
n	ddp	yes	rouwdouw
n	cds	no	plattelander
n	cds	no	luiaard
a	dmc	yes	nep
n	cds	no	plichtsverzaker
n	svp	no	afgrijzen
n	om	no	finocchio
n	ddp	yes	janhagel
n	pa	yes	lectoraten
n	cds	no	fascistisch
n	qas	no	gewone man
n	dmc	yes	wilde
n	cds	no	journalist
n	cds	no	makelaardij
v	asm	no	wippen
n	an	no	muildier
a	svp	no	wellustig
n	svp	no	zucht
n	qas	no	pacht
n	cds	no	chaos
n	cds	no	vrijmetselaar
v	asm	no	bonken
n	ddp	yes	moroon
n	cds	no	iason chronis
n	dmc	yes	namaak
n	dmc	yes	uithuizing
n	dmc	yes	nietsdoener
n	cds	no	kaffer
n	an	no	geitenvlees
n	ps	yes	tische
n	ps	yes	donau-bolgaren
n	dmc	yes	scattergood
n	pr	no	temeier
n	an	no	slet
n	ddp	yes	sukkel
n	an	no	krentenweger
n	cds	no	tientallen
n	ddp	yes	rasploert
n	cds	no	vuilik
n	om	no	proximale
v	re	no	pijnigen
n	is	yes	arme mensen
n	ddp	yes	keuvelaar
n	ddp	yes	boerenkarhengst
n	cds	no	clan
n	cds	no	beroerling
n	an	no	krokodilleleer
n	ps	yes	heikneuter
n	svp	no	aversie
n	qas	no	palurk
n	ps	yes	mongool
n	dmc	yes	mozarella-kaas
v	qas	no	verkankeren
n	qas	no	blunderaar
a	ddf	yes	bedroevend
n	pr	no	moo-koe
n	asf	no	sufkont
n	cds	no	openbaar toilet
n	re	no	gechanteerd
n	an	no	fuckhoofd
n	cds	no	nietdeug
n	ps	yes	andere rassen
n	ps	yes	kleurling
n	asm	no	klootzak
n	an	no	huur jongens
n	cds	no	kuddes
n	re	no	oplichter
n	or	no	nicht
a	ddf	yes	mank
v	cds	no	samenzweren
a	cds	no	geniepig
n	asm	no	hals
n	re	no	terroristische aanslag
n	cds	no	deliquent
n	an	no	eikel
n	cds	no	grap
a	ddp	yes	onwetend
n	cds	no	waanzinnige
n	om	no	ventrolaterale
n	is	yes	snoodaard
n	ps	yes	interspecifieke hybride
n	an	no	fatale vrouw
n	asm	no	vogelsoort
n	dmc	yes	valsaard
n	re	no	italiaanse maffia
n	dmc	yes	boosdoener
n	cds	no	winkeldiefstal
n	cds	no	desorganisatie
n	pa	yes	schaapsherder
n	cds	no	goedzak
n	cds	no	zwijneboel
n	asm	no	geslachtsroede
a	ddp	yes	achterlijk
n	svp	no	no-rekening
n	cds	no	schobbejak
n	or	no	homofiele
n	om	no	kont
n	cds	no	boerenpummmel
n	pr	no	zever
n	dmc	yes	moralisme
n	pa	yes	controleur
n	pa	yes	advocatuur
n	an	no	gierigaard
n	dmc	yes	kwaad
n	svp	no	gierigaard
n	an	no	klep
n	ddp	yes	gezwets
n	ddp	yes	kul
n	cds	no	rumourmonger
n	cds	no	begijnen en begarden
n	an	no	body-ingrijppunten
v	qas	no	door mekaar mengen
n	asf	no	kwezel
n	cds	no	fanatisme
n	re	no	af te persen
n	re	no	terreurnetwerk
n	cds	no	sufferd
a	ddp	yes	lichtgelovig
n	an	no	haai
v	re	no	zwendelen
n	cds	no	onderkruiper
a	dmc	yes	boosaardig
n	asf	no	drol
n	pa	yes	oranje zandoogje
n	cds	no	eitje
v	an	no	balken
n	asm	no	preputium
n	cds	no	gauwdief
n	re	no	chantagemethode
n	qas	no	fumbler
n	svp	no	nijd
n	pa	yes	leerstoel
n	re	no	gijzelhouder
n	pa	yes	visvrouw
n	cds	no	grandes compagnies
n	re	no	belastering
n	om	no	dorsolaterale
n	an	no	fysionomie
n	an	no	keffen
n	re	no	piraten
n	qas	no	retorische
n	qas	no	rouwdouw
n	svp	no	belustheid
n	cds	no	begijnen
n	cds	no	hopen
n	cds	no	steenezel
n	cds	no	zwakkeling
n	cds	no	religiousism
n	pa	yes	huwelijkskandidaat
n	an	no	vogel van minerva
n	ps	yes	oost-goten
a	cds	no	verachtelijk
n	cds	no	doerak
n	pa	yes	accountants
n	svp	no	amour propre
n	ddp	yes	beest
n	svp	no	drang
n	pa	yes	korporaals
n	qas	no	non-conformisme
n	re	no	ordale
a	ddp	yes	bot
n	ddp	yes	lamgat
n	qas	no	allegaartje
n	cds	no	autolatry
n	dmc	yes	charlatan
n	pa	yes	arbeider
n	cds	no	hoerenjong
n	an	no	flauwerik
n	an	no	nest
n	cds	no	uitvreter
a	ddp	yes	idioot
n	ps	yes	joodse leer
n	asm	no	jeerer
n	ps	yes	mongoloide ras
n	cds	no	brombeer
n	pr	no	straatprostitutie
n	an	no	carcharodon smithi
n	an	no	gewone steekmug
n	om	no	homo-erotiek
n	cds	no	slimheid
n	cds	no	bende
n	asf	no	stoeipoes
n	om	no	kinderverkrachter
n	re	no	misdrijven
n	re	no	gangster
n	asm	no	fucker
a	cds	no	arglistig
n	ps	yes	bedoeïenen
n	om	no	anatomische termen van locatie
n	asm	no	geesteszieke
n	ddp	yes	kelerelijer
n	dmc	yes	bietser
n	asf	no	wisselbalg
n	an	no	kakkerlak
n	an	no	kaaiman
n	ddp	yes	krankzinnige
n	pa	yes	pleiter
n	ddp	yes	homofilie
n	an	no	anguilliformes
n	qas	no	acolieten
n	an	no	kanaal bass
n	ddp	yes	dierenrijk
n	cds	no	criminelen
n	dmc	yes	schijnheilige
n	pr	no	wetsvoorstel strafbaarstelling misbruik prostituees die slachtoffer zijn van mensenhandel
n	an	no	galgebrok
n	re	no	rekel
n	qas	no	huishouden
n	an	no	crocodylia
n	ddp	yes	lamzak
n	qas	no	retoriek
n	cds	no	latrines
n	om	no	zitvlak
n	svp	no	faineance
n	an	no	lichtekooi
n	re	no	ontvoeringen
n	an	no	sufkut
n	svp	no	gierigheid
n	dmc	yes	hypocrisie
n	ddp	yes	eendenkuiken
n	svp	no	pridefulness
n	dmc	yes	flessentrekker
n	an	no	oliebol
n	an	no	betise
n	asm	no	sufkont
n	qas	no	burghers
n	or	no	appelflap
n	or	no	homofilie
n	rci	yes	boerenpummel
n	cds	no	afdreiging
n	is	yes	armoe
a	svp	no	strijdlustig
n	qas	no	farmer
n	pa	yes	viswijf
n	an	no	schijtebroek
n	dmc	yes	tweede-rater
n	cds	no	stomkop
n	dmc	yes	deugniet
n	asf	no	mongool
n	svp	no	begerigheid
n	asf	no	fuckhoofd
n	om	no	bil
n	asf	no	betise
a	svp	no	zelfingenomen
n	cds	no	bagnio
n	an	no	ganzenjong
n	cds	no	vuilpeuk
n	asm	no	drol
n	an	no	weekdieren
n	cds	no	fundamentalist
n	cds	no	narcist
a	ddp	yes	stompzinnig
n	an	no	vetzak
n	is	yes	krentenkakker
a	is	yes	minvermogend
n	cds	no	lichtgewicht
n	an	no	wezen
n	cds	no	roerverklikker
n	qas	no	kaste-systeem
n	ddf	yes	manke
n	pa	yes	uncouthness
n	pr	no	mot
n	cds	no	grote leugen
a	ddp	yes	beestachtig
n	an	no	hyaenidae
n	ddp	yes	appelflap
v	qas	no	infesteren
n	cds	no	slapjanus
n	cds	no	geroddel
n	asm	no	vissen
n	ddp	yes	gossipmonger
n	pr	no	hetaeren
n	ps	yes	joodse religie
n	re	no	deugniet
n	an	no	stommeling
n	ps	yes	sufkut
n	cds	no	stommerik
n	cds	no	kelerelijer
n	om	no	pederastie
n	cds	no	openbare gemak
n	ddp	yes	schoelje
n	cds	no	oplichter
n	asm	no	meeuw
n	cds	no	afgoderij
n	cds	no	baldadigheid
n	ps	yes	vandal
n	rci	yes	barbaar
n	re	no	marteling
n	pa	yes	loopjongen
a	svp	no	gulzig
n	cds	no	schuldige
n	re	no	terrorisme
n	ddp	yes	piechem
n	ddf	yes	kreupele
n	an	no	lutjanus triangulum
n	ps	yes	israëlitische
n	om	no	drag queen
n	om	no	midclaviculaire lijn
a	qas	no	gewone
n	ddp	yes	hersenbeschadiging
n	pr	no	rioolrat
n	an	no	klaploper
n	cds	no	zeiker
n	dmc	yes	knuppel
n	asm	no	lastpak
n	cds	no	deballoteren
n	qas	no	kluns
n	an	no	straatprostitutie
a	ps	yes	woedend
n	cds	no	pleurislijder
n	cds	no	maffia
n	ps	yes	gele kaart
n	an	no	pens
n	ddp	yes	slachtoffer
n	re	no	zedenwetgeving
n	ps	yes	barbaren
n	cds	no	misdadigers
n	cds	no	individu
n	dmc	yes	zwervers
n	or	no	wittekool
a	is	yes	mager
n	qas	no	bloodhound
n	qas	no	grote zakenman
n	cds	no	onderkruipsel
n	cds	no	reliek
n	cds	no	schoolfrik
n	rci	yes	hufter
a	svp	no	grimmig
n	cds	no	aartspriester
n	qas	no	jabroer
n	dmc	yes	naäperij
n	ddp	yes	dierlijk systeem
n	or	no	kaffer
n	qas	no	welsprekendheid
n	dmc	yes	fabricator
n	cds	no	fratrie
n	qas	no	misgreep
n	an	no	schaapskop
n	or	no	shithead
n	dmc	yes	fumbler
n	re	no	belhamel
n	an	no	hip
n	an	no	zoöfilie
n	ddp	yes	microcephalus
n	cds	no	onwettig kind
n	cds	no	nieuwe rijken
n	ddp	yes	zever
n	cds	no	saphead
n	cds	no	toestromen
n	re	no	terroristisch
n	ps	yes	jan-van-gent
n	cds	no	herrie
n	pr	no	dame van plezier
n	cds	no	fascismo
a	qas	no	gebruikelijke
n	asm	no	eend
a	pa	yes	politieke
n	qas	no	weerhaan
n	an	no	tuig
n	cds	no	paardelul
n	re	no	grifter
n	an	no	maden
n	an	no	melkgeiten
n	asf	no	boerenlul
n	an	no	ezel
n	pa	yes	boer
n	ddp	yes	patjakker
n	cds	no	misslag
n	qas	no	uitvreter
n	or	no	glaasje
n	cds	no	polyhistor
n	an	no	viespeuk
n	dmc	yes	mozzarella kaas
n	ddp	yes	schade aan de hersenen
n	qas	no	miskleun
n	cds	no	flic
n	cds	no	kweker
n	ddp	yes	etterbak
n	or	no	kwezel
n	ddp	yes	pummel
n	svp	no	ijdelheid
n	re	no	capturer
n	om	no	poot
n	cds	no	mafkees
n	re	no	gewapende overvaller
n	an	no	mafkees
a	ddf	yes	eenogig
n	ddp	yes	hoerenjong
n	qas	no	schilder
a	svp	no	krenterig
n	cds	no	viezerik
n	cds	no	eroscentrum
n	is	yes	kommer
n	re	no	apekop
n	rci	yes	wilde
n	qas	no	adellijke
n	cds	no	janboel
n	an	no	gansje
n	an	no	fauna
n	cds	no	nymfomane
n	cds	no	ijveraar
n	cds	no	banditisme
n	re	no	debaucher
n	ps	yes	vertragen
n	cds	no	onverdraagzame
n	cds	no	schooljuffrouw
n	asm	no	neuken
n	pa	yes	minnaar
n	cds	no	snoever
n	an	no	brant
n	cds	no	doceren
n	cds	no	aanschaf
n	pa	yes	faculteit
n	dmc	yes	struikrover
n	pa	yes	boerenkinkel
n	svp	no	eigenwaan
n	cds	no	homunculi
n	ddp	yes	geteisem
n	cds	no	galgenaas
n	re	no	doodslag
n	ddp	yes	klier
n	dmc	yes	losbandige
n	cds	no	practical joker
n	om	no	sodomized
n	re	no	schaking
n	asm	no	krankzinnige
n	ps	yes	ruiner
n	ps	yes	hufter
n	re	no	martelkelder
n	asm	no	dafuq
n	ps	yes	negroïden
n	an	no	gelaatskunde
n	qas	no	kot
n	dmc	yes	git
n	an	no	diddly
n	ddf	yes	arbeidsongeschiktheid
n	cds	no	jeugdbendes
n	pr	no	biston betularia
a	svp	no	arrogant
n	an	no	luisterend apparaat
n	ddp	yes	twaddler
n	an	no	vleesvee
n	ps	yes	krauthead
v	cds	no	opschrokken
n	asf	no	lijp
n	asf	no	soft touch
n	ps	yes	neger
n	cds	no	afraffelen
n	an	no	vogel van de nacht
n	om	no	utrechtenaar
n	cds	no	rumormonger
n	ps	yes	ostrogoten
v	cds	no	de grote reis aanvaarden
n	or	no	schede
n	rci	yes	grobbejanus
n	an	no	bedbug
n	an	no	beestje
n	ddp	yes	flapuit
n	ddp	yes	lulletje
n	ps	yes	oostgoten
n	ps	yes	stommerd
n	asf	no	kut
a	cds	no	verwaand
n	asf	no	oetlul
n	or	no	sufkut
n	om	no	vreemd
n	ps	yes	hebreeërs
n	ps	yes	hybride
n	asm	no	klavots
n	cds	no	bas bleu
n	an	no	labbekak
n	an	no	drol
n	svp	no	dillydallier
n	pr	no	berkespanner
n	dmc	yes	blaag
n	an	no	haaienaanvallen
n	dmc	yes	grobbejanus
n	qas	no	vast stedelijk afval
n	an	no	mietje
n	ddp	yes	boerenpummel
n	cds	no	kloothommel
n	cds	no	brutale aap
n	ddp	yes	dupe
n	an	no	antropofaag
n	cds	no	sufkut
n	qas	no	bourgoisie
n	cds	no	fundamentalistische
n	pa	yes	prof.
n	cds	no	stakingsbreker
n	an	no	huisgeit
n	cds	no	boner
n	ps	yes	moghullen
n	cds	no	joekel
n	ps	yes	greuthingi
n	cds	no	schijterd
n	pa	yes	conciërge
v	re	no	martelen
n	ps	yes	lobbes
n	svp	no	fierheid
n	cds	no	onverdraaglijke
n	qas	no	testiculaire
n	cds	no	bestekamer
n	re	no	geweld
n	ddp	yes	minkukel
n	pa	yes	werknemer
n	qas	no	scheepsmagnaat
n	cds	no	plaats
n	cds	no	crimineel gedrag
n	cds	no	mafia
n	cds	no	vee geritsel
n	ddp	yes	lazersteen
n	qas	no	agrariër
n	cds	no	restanten
n	pa	yes	woudezel
n	cds	no	luchtpersriolering
n	re	no	euveldaad
n	re	no	politie misbruik
n	an	no	dierlijk systeem
n	cds	no	geslepenheid
n	an	no	negge
a	svp	no	humeurig
n	cds	no	oudwijf
n	cds	no	zoetje
n	cds	no	kring
n	ddp	yes	beestachtigheid
n	ddp	yes	stommerik
n	cds	no	band
n	an	no	dier
n	om	no	gehandicapte
n	pr	no	tamme ratjes
n	asf	no	eendenkuiken
n	ddp	yes	analfabeten
n	cds	no	overtreding
n	cds	no	blooper reel
n	rci	yes	barbaars
n	ps	yes	oliebol
n	ddp	yes	wilde
n	an	no	domme koe
n	cds	no	casino
n	an	no	hyaena
n	pa	yes	vishandelaar
n	asm	no	brownness
n	re	no	strafbaar alleen overtreding
n	an	no	kuiken
n	pa	yes	medewerker
n	an	no	poot
n	rci	yes	lomperd
n	dmc	yes	schavuit
n	asm	no	weetniet
a	is	yes	zielig
n	cds	no	bangebroek
n	cds	no	idool
n	ps	yes	vallen guy
n	dmc	yes	onderkruipsel
n	cds	no	pooiers
n	or	no	oen
n	an	no	squalus vulgaris
n	re	no	vuilspuiterij
n	cds	no	tyfuslijer
n	re	no	valse beschuldigingen
n	om	no	hetzelfde geslacht
a	svp	no	begerig
n	qas	no	rethorica
n	svp	no	willoosheid
n	cds	no	schuldig
n	or	no	muttonhead
n	asm	no	kalf
n	cds	no	brutaaltje
n	cds	no	le mat
n	an	no	fronsen
n	asm	no	bal
n	cds	no	jojo
n	ddp	yes	pokkenlijder
n	cds	no	schelmerij
n	cds	no	tijdserver
n	ps	yes	zwarte gemeenschap
n	ddp	yes	hufter
n	cds	no	sibbe
n	an	no	pediculus corporis
n	an	no	koebeest
n	cds	no	coterie
n	cds	no	rund
n	cds	no	omerta
n	rci	yes	barbaarse
n	cds	no	zot
n	ps	yes	zoeloe's
n	dmc	yes	idioot
n	qas	no	openbaarmaking
n	om	no	achter
n	pa	yes	voorstander
a	ddp	yes	zwakhoofdig
n	ddp	yes	mafkikker
n	pa	yes	barbaren
n	cds	no	piw-er
n	an	no	schaap
n	pr	no	rattus
n	ddp	yes	barbaarsheid
n	asm	no	kuiken
n	qas	no	barbaars
n	cds	no	randfiguur
n	cds	no	jammeraar
n	pr	no	callgirl
n	pa	yes	prof
n	dmc	yes	picaro
n	asm	no	piechem
n	cds	no	heilig relikwie
n	re	no	terroristen
n	ps	yes	uprooter
n	qas	no	hondenhok
n	asm	no	betise
n	cds	no	gigolo
n	re	no	roddel
n	or	no	heet kompres
n	ps	yes	mongoolse ras
n	pa	yes	begrafenisverzorger
n	or	no	rund
n	ps	yes	joodse volk
n	cds	no	beestenboel
v	cds	no	verdorren
n	re	no	gekwalificeerde diefstal
n	qas	no	landman
n	cds	no	gossiper
n	an	no	droplul
n	re	no	daad
n	ps	yes	joden
n	om	no	lady
n	cds	no	wank
n	an	no	worm
n	dmc	yes	stuntelaar
a	ddf	yes	onbevredigend
n	om	no	sentimenteel gedoe
n	cds	no	kleedkamer
a	cds	no	egoïstisch
n	dmc	yes	uitgever
n	om	no	homoseksuele
n	or	no	dombo
n	qas	no	roervink
n	cds	no	snoodaard
n	svp	no	absurditeit
n	re	no	delinquent
n	pr	no	bos taurus
n	cds	no	pokkenlijder
n	cds	no	vuilpoes
n	om	no	nance
n	or	no	onnozele bloed
n	dmc	yes	barbaar
n	an	no	kreng
n	cds	no	samenzwering van stilzwijgen
n	dmc	yes	besteden-all
n	ddf	yes	blindeman
v	asm	no	de liefde bedrijven
n	re	no	roddelpraat
n	asm	no	nitwit
v	cds	no	kapotgaan
n	cds	no	hybridisering
n	an	no	eetbare slak
n	cds	no	verbeelding
n	pa	yes	bediende
a	pa	yes	theoretisch
n	asf	no	knucklehead
n	cds	no	onbeschoftheid
n	re	no	wetsdelict
n	qas	no	barokke
n	qas	no	bloedhonden
n	asm	no	dwaas
n	ddp	yes	wisselbalg
n	an	no	versperde uil
n	or	no	queer
n	svp	no	nietsnut
n	or	no	flapdrol
n	an	no	koppige ezel
n	rci	yes	boerenkarhengst
n	ddf	yes	blinde persoon
n	re	no	balling
n	cds	no	transformisme
n	dmc	yes	onbeleefd
n	cds	no	schoonschrijver
n	asm	no	pik
n	asm	no	onzin
n	svp	no	verwaandheid
n	cds	no	verspreking
a	is	yes	gierig
v	qas	no	bederven
n	om	no	cross dressing
a	cds	no	hoogmoedig
n	qas	no	gewone mensen
n	ddp	yes	verlinker
n	svp	no	gourmandizer
n	ddp	yes	geneuzel
n	cds	no	galgeaas
n	ddp	yes	malloot
n	cds	no	de loge
n	re	no	pagadder
n	qas	no	gaatje
n	svp	no	hekel
n	pr	no	rat
n	cds	no	onbenul
n	ps	yes	bedoeïnen
n	ps	yes	weetniet
n	cds	no	intergenerieke hybride
n	cds	no	fascisten
n	an	no	kakkebroek
n	cds	no	slip of the tongue
n	cds	no	stakingsbrekers
n	an	no	prostituée
n	re	no	mafia
n	cds	no	uilskuiken
n	cds	no	misdaad familie
n	cds	no	bangeschijter
n	dmc	yes	liegen
n	cds	no	lafhartig
n	ps	yes	haringbuis
n	re	no	dondersteen
n	svp	no	dweper
n	an	no	plunderaar
n	ps	yes	negroide ras
n	dmc	yes	hobbezak
n	cds	no	reptiel
n	pr	no	vrouw van lichte zeden
n	qas	no	huishouding
a	svp	no	inhalig
n	is	yes	nood
n	cds	no	pleger
n	om	no	edelvrouw
n	qas	no	clochard
n	svp	no	aanmatiging
n	qas	no	bal
n	cds	no	verwaandheid
n	cds	no	onwettig
n	an	no	padden
n	asf	no	kruis haar
n	an	no	microorganisme
v	qas	no	verbroddelen
n	qas	no	retor
n	dmc	yes	de nar
n	an	no	rentboy
n	an	no	kine
n	ddp	yes	folly in de architectuur
n	ddp	yes	kalfskop
n	cds	no	hufter
n	cds	no	griener
n	or	no	komkommers
n	ddp	yes	slungel
n	an	no	muskieten
n	qas	no	tycoon
n	qas	no	ruimen
n	an	no	frons
v	cds	no	moraliseren
n	or	no	leeghoofd
n	ddp	yes	reet
n	qas	no	zakenman
n	rci	yes	vlegel
n	asm	no	mannelijk lid
v	re	no	geselen
n	cds	no	egoïstische
a	is	yes	teneergelagen
n	om	no	sodemiet
n	cds	no	literaire hack
n	or	no	bonce
n	an	no	bangeschijter
n	an	no	wout
n	cds	no	kaper
n	om	no	standaard anatomische houding
n	ddp	yes	onverlaat
n	cds	no	klerelijer
n	an	no	insecta
n	qas	no	burgerij
n	an	no	karrenpaard
n	ps	yes	metics
n	cds	no	kluns
v	asm	no	pompen
n	cds	no	ijver
n	svp	no	minginess
n	qas	no	plebejer
n	an	no	koetje-boe
n	re	no	verkrachter
n	qas	no	grootspraak
n	re	no	gemarteld
a	cds	no	strafbaar
v	asm	no	bedvogelen
n	cds	no	pillock
n	cds	no	bloemzak
n	qas	no	huis schilder en decorateur
n	cds	no	proleet
n	qas	no	omnium-gatherum
n	dmc	yes	jeugddelinquent
n	pr	no	helleveeg
n	svp	no	acedia
a	is	yes	krenterig
n	cds	no	omkoopbaarheid
n	an	no	hog
n	ddp	yes	lomperd
n	qas	no	krakeling
n	qas	no	modderen
n	an	no	kloris
n	ddp	yes	zooerasty
n	an	no	waffel
n	qas	no	kastenstelsel
n	dmc	yes	klungel
n	an	no	vrouw van lichte zeden
n	asm	no	lastpost
n	qas	no	meeloper
n	ddp	yes	kankerlijer
n	ddp	yes	onbekwaam
n	cds	no	kruisen
n	pa	yes	raadsvrouw
n	cds	no	pool hosselen
n	cds	no	zemel
n	ps	yes	pikey
n	re	no	mortificatie
n	cds	no	japanse meeteenheden
n	asm	no	doperwt
n	cds	no	idioot
n	ddp	yes	mentale handicap
n	cds	no	kleintje
n	an	no	boosdoener
n	an	no	brutaliteit
n	cds	no	weg-agent
a	cds	no	detestabel
n	asm	no	sufkut
n	ps	yes	roma zigeuners
n	dmc	yes	vogelvrij
n	asf	no	geesteszieke
n	om	no	kruis dressoir
a	dmc	yes	vies ruikend
a	om	no	abnormaal
n	cds	no	stamleden
n	an	no	sloddervos
n	svp	no	gramschap
a	re	no	sterk
n	cds	no	zwijnenstal
n	pa	yes	boekhouder
n	ps	yes	zoeloes
n	an	no	mollusk
n	cds	no	zondaar
n	cds	no	bendegeweld
n	asm	no	sukkel
n	re	no	boef
n	ps	yes	mongoloïde
n	cds	no	pummel
n	asm	no	f***
n	cds	no	trait-d'union
n	dmc	yes	namaaksel
n	asf	no	aalmoes
n	re	no	ontvoert
n	ddp	yes	mentale retardatie
n	cds	no	modegek
n	cds	no	tinnef
n	qas	no	barokarchitectuur
n	qas	no	handelaar
n	pa	yes	academische wereld
n	dmc	yes	oplichter
n	ddp	yes	oetlul
n	ddp	yes	nar
n	an	no	geteisem qualifier
n	ddp	yes	klojo
n	dmc	yes	landloperij
n	dmc	yes	stumper
n	an	no	lilliputter
n	cds	no	fumbler
n	svp	no	dallier
n	cds	no	metaalafval
v	an	no	rage
n	cds	no	dader
n	svp	no	gruwel
a	cds	no	abject
n	dmc	yes	proleet
n	cds	no	bigotterie
n	dmc	yes	motley fool
n	cds	no	etterbuil
n	is	yes	verarming
n	pa	yes	hork
n	re	no	achterklap
n	or	no	nieuwe aardappelen
a	ddp	yes	goedgelovig
n	an	no	haasvreter
n	an	no	krokodilachtige
n	pa	yes	procureur
n	pa	yes	schaapskudde
n	ps	yes	ezelsveulen
n	pa	yes	advocaat
n	or	no	oelewapper
n	re	no	plagiaat
n	qas	no	partner in crime
n	ddp	yes	eikel
n	asm	no	wisselkind
n	qas	no	alles en nog wat
n	cds	no	mop
n	cds	no	verklikker
n	asm	no	brede-bonen
n	an	no	inexorableness
n	an	no	rundvlees
n	is	yes	bedelaar
n	pa	yes	adjunct faculteit
n	ps	yes	bastaardering
n	cds	no	pokkenvent
n	an	no	rapalje
n	dmc	yes	moralistische
n	cds	no	corrupte
n	rci	yes	boerenhufter
n	or	no	knolvenkel
n	cds	no	pimp
n	ps	yes	darkie
n	ddp	yes	mafkees
n	asf	no	ei
n	pr	no	koebeest
n	an	no	git
n	om	no	anale penetratie
n	re	no	verkrachters
n	dmc	yes	morele bankroet
n	cds	no	hansworst
n	ddp	yes	homoseksualiteit
n	or	no	dumbass
n	dmc	yes	apenjong
n	re	no	piraat
n	re	no	sexueel misbruik
n	an	no	smoel
n	an	no	slons
n	cds	no	conformist
n	cds	no	wanker
n	an	no	krentenkakker
n	qas	no	vlegel
n	an	no	kippen
n	cds	no	kakografie
n	or	no	lobbes
n	re	no	geklets
n	an	no	bison
n	asm	no	moron
n	om	no	shirtlifter
n	or	no	cucumis sativus
n	qas	no	klungel
n	ddp	yes	gekheid
n	cds	no	flessentrekker
n	asm	no	debiel
n	an	no	athene noctua
n	cds	no	samenzwering theoretici
n	an	no	snertvent
n	or	no	ezelsveulen
a	is	yes	behoeftig
n	cds	no	bordelen
n	asf	no	vagina
n	ps	yes	kloris
n	dmc	yes	verschoppeling
n	an	no	homp
n	ps	yes	droplul
v	cds	no	verrekken
n	cds	no	onderwijzeres
n	cds	no	camorra
n	asm	no	haan
a	dmc	yes	vies
n	ps	yes	bulgaarse
a	ddp	yes	achtergebleven
n	om	no	gluteaal gebied
n	svp	no	ira
n	pr	no	crack hoer
n	asm	no	tampeloeres
n	qas	no	naleving
n	ddp	yes	flauwekul
n	an	no	vrek
n	cds	no	pikken
n	dmc	yes	valsheid in geschrifte
n	dmc	yes	stank
n	cds	no	mikmak
n	asf	no	kwibus
n	ddf	yes	gehandicapten
n	an	no	galgenaas
n	qas	no	sad sack
n	an	no	micro-organismen
n	cds	no	vuile hond
n	cds	no	struikroverij
n	cds	no	pens
n	ddp	yes	domoor
n	ps	yes	zwarte vrouwen
n	qas	no	enormiteit
n	an	no	zooerastia
n	cds	no	illegale activiteiten
n	ddp	yes	individu
n	svp	no	ravenousness
n	dmc	yes	vuilpeuk
n	asm	no	roede
n	cds	no	boreling
n	re	no	chiseler
n	pa	yes	herderin
n	cds	no	afrekenen met winkeldieven
n	svp	no	pretentie
n	re	no	doodslager
n	om	no	caudale
n	qas	no	klootzak
n	re	no	diefstallen
n	ddp	yes	sufkop
n	qas	no	baroqueness
n	cds	no	welgevallen
n	ddp	yes	dier
n	an	no	schijter
n	cds	no	miskleun
n	svp	no	hovaardigheid
n	dmc	yes	boer
v	asm	no	poepen
n	asm	no	potlood
a	cds	no	dom
n	cds	no	nymphomanie
n	cds	no	rommel
n	qas	no	professionele klasse
n	cds	no	wijsneus
v	cds	no	preken
n	cds	no	betuttelaar
n	pa	yes	wetenschappelijke
n	cds	no	wasrek
n	cds	no	fierheid
n	an	no	wants
n	ps	yes	flapdrol
n	cds	no	set
n	or	no	aardappelras
n	cds	no	pimpen
n	ddp	yes	folly
n	an	no	siphonaptera
n	ddp	yes	naarling
n	dmc	yes	barbaren
n	asm	no	f**k
n	an	no	muilezel
n	ps	yes	goedzak
n	cds	no	woekeraars
n	asf	no	goedzak
n	cds	no	knol
n	ps	yes	sufferd
n	cds	no	fascist
n	cds	no	viezigheid
n	cds	no	rioleringstelsel
a	ddp	yes	ongeletterd
n	svp	no	abulia
n	dmc	yes	libertinisme
n	cds	no	hubris
n	dmc	yes	brutale aap
n	qas	no	acoliet
n	svp	no	luxuria
n	an	no	bolletjesslikker
n	cds	no	schoelje
n	cds	no	dakloze
n	ddp	yes	schaapskop
n	ps	yes	waanzinnige
n	cds	no	kapsones
n	cds	no	valse idool
n	cds	no	politiebeambte
n	cds	no	straatbendes
n	dmc	yes	veinzaard
n	cds	no	fielt
n	qas	no	bietser
n	pr	no	buitenechtelijk samenwonen
n	or	no	eikel
n	qas	no	kennels
n	or	no	jojo
n	asm	no	vogeltje
a	ddf	yes	blind
n	asm	no	credulousness
n	re	no	slayer
n	cds	no	behoudens
n	svp	no	ontucht
n	cds	no	drol
n	an	no	rokkenjager
n	an	no	uiltje
n	cds	no	heet kompres
n	an	no	bolletjesslikken
n	cds	no	egoïsme
n	re	no	verkrachting
n	cds	no	meute
n	asf	no	stommeling
n	ddp	yes	kletsmajoor
n	re	no	verkracht
n	ddp	yes	mother fucker
v	qas	no	verknallen
n	cds	no	karavaan
n	asm	no	soft touch
n	asf	no	hansworst
n	cds	no	sjeik
n	om	no	caudaal
n	cds	no	broddelaar
n	an	no	rotgans
n	cds	no	apple polisher
n	om	no	pedofiel
n	cds	no	kletspraat
n	cds	no	schuilkerken
n	an	no	onverbiddelijkheid
n	or	no	droplul
n	cds	no	apekop
n	an	no	vampier
n	asm	no	stommerd
n	cds	no	kuiken
n	an	no	kippenvlees
n	ddp	yes	sufferig
n	ps	yes	joderij
n	re	no	racketeer
n	cds	no	wise guy
n	re	no	raper
n	cds	no	vuil
n	qas	no	shit
n	asf	no	trut
n	cds	no	blaag
n	re	no	kidnapping
n	cds	no	tribaal
n	asm	no	vertragen
n	re	no	doder
n	ps	yes	rund
n	re	no	rapist
n	qas	no	belangrijkheid
n	cds	no	prullenboel
n	cds	no	misser
n	an	no	hazenhart
n	cds	no	schijtebroek
n	cds	no	privaat
n	qas	no	parasietplant
n	an	no	gondel
n	svp	no	laksheid
n	an	no	femme fatale
n	an	no	cakehole
n	asf	no	rund
n	an	no	hansworst
n	an	no	ruwheid
n	an	no	kwezel
n	qas	no	adherent
n	cds	no	ezelsveulen
n	cds	no	scientisme
n	cds	no	nieuweling
n	an	no	microörganisme
v	qas	no	verpesten
n	cds	no	mason
n	an	no	wreedheid
n	qas	no	agitator
n	cds	no	antiek
n	dmc	yes	rakker
n	pr	no	laboratoriumrat
n	dmc	yes	hofnar
n	dmc	yes	mozzarella
n	cds	no	prutsding
n	pr	no	stoeprand kruipen
n	pa	yes	raadsman
n	asf	no	zakkenwasser
n	cds	no	makelaars
n	cds	no	achterklap
n	an	no	carcharodon smithii
n	asm	no	uilebal
n	re	no	slechterik
n	qas	no	boerenlul
n	cds	no	stommelen
n	an	no	diddly-shit
n	an	no	uil
v	re	no	roven
n	pr	no	epimys
n	an	no	minkukel
n	cds	no	tak
n	cds	no	agent
a	qas	no	middeleeuwse
n	ps	yes	plant biotechnology
n	is	yes	vagebond
n	an	no	oerdiertje
n	an	no	schepsel
n	qas	no	baronesse
n	an	no	mannelijke prostitutie
n	ps	yes	rode kaart
n	svp	no	rentenier
n	svp	no	seksueel verlangen
n	cds	no	grol
v	qas	no	klunzen
n	ddp	yes	verstandelijke handicap
n	cds	no	bordeel
n	an	no	varken
n	qas	no	burgerlijke maatschappij
n	an	no	otus asio
n	cds	no	egotisme
n	is	yes	gierigaard
n	cds	no	geld lenen
n	cds	no	kinkel
n	or	no	reetkever
n	asf	no	een beetje
n	cds	no	rioolstelsel
n	cds	no	line-shooter
n	pa	yes	universiteitsprofessor
n	cds	no	facisme
n	cds	no	liefhebber
n	cds	no	eergevoel
n	cds	no	hybris
n	cds	no	koppelaarster
a	ddf	yes	tegenvallend
n	re	no	malversatie
n	cds	no	pedagog
n	an	no	kutwijf
n	cds	no	sportieve huis
n	an	no	cuckolding
a	ddp	yes	hersenloos
n	pr	no	ossen
n	qas	no	denkbeeldige ontdekking
n	ddp	yes	lelijkerd
n	an	no	uitvreter
n	cds	no	boekenwurm
n	an	no	schorpioenvissen
n	an	no	familiaris
n	ps	yes	ostrogothen
n	cds	no	zelfvergoding
n	ps	yes	zulus
n	pa	yes	barbaars
n	ps	yes	kuiken
n	ps	yes	ostrogoth
a	cds	no	scherpzinnig
n	qas	no	agrarier
n	an	no	canis aureus
v	cds	no	knibbelen
n	cds	no	begarden
n	re	no	ondeugd
v	re	no	gappen
v	qas	no	verzieken
n	dmc	yes	belhamel
n	ddp	yes	dimwit
a	svp	no	nors
n	asf	no	lijpo
n	ddp	yes	paardenlul
n	ps	yes	vlegel
n	cds	no	handlangers
n	cds	no	heikneuter
n	cds	no	hiërarch
n	cds	no	wetsdelict
n	re	no	dieverij
n	qas	no	testes
n	cds	no	latrine
n	an	no	slakken
n	an	no	equus asinus
a	dmc	yes	valse
a	is	yes	bezitloos
n	an	no	bloedzuigers
n	cds	no	sciëntisme
n	ps	yes	jodendom
n	asf	no	piechem
n	cds	no	zwijnekeet
n	an	no	carcharias vorax
n	pa	yes	protagonist
n	ddp	yes	analphabet
n	asm	no	fuckin'
n	cds	no	mispunt
n	svp	no	inbeelding
n	re	no	maligner
n	an	no	afzetter
n	an	no	jakhalzen
n	an	no	dwaas
n	cds	no	joker
n	cds	no	zoontje
n	cds	no	politieagent
n	an	no	ei
n	cds	no	pagadder
n	asm	no	imbeciliteit
n	cds	no	sufferig
n	ddp	yes	soft touch
n	an	no	creatuur
n	an	no	domme gans
a	cds	no	moedeloos
n	om	no	homoseksuele man
n	ddp	yes	geestelijk gehandicapt
n	an	no	schaapachtigen
n	dmc	yes	primitieveling
v	re	no	plagen
n	om	no	aborale
a	ddp	yes	smakeloos
n	cds	no	runderdief
n	ddp	yes	augurk
n	ps	yes	wit
n	asf	no	leeghoofd
n	cds	no	flapdrol
v	cds	no	brassen
n	pr	no	bitch
n	or	no	domkop
n	cds	no	deugniet
n	asf	no	mossel
n	an	no	bok
n	om	no	anale seks
n	ddp	yes	onbevoegde
n	ps	yes	moroon
n	re	no	aanranding van de eerbaarheid
n	cds	no	roddels
n	cds	no	huidig
n	an	no	dierlijke voortplanting
v	cds	no	verafgoden
n	cds	no	zwijnenpan
n	an	no	verleidster
n	qas	no	anti-parasitair
n	an	no	geitenras
n	ps	yes	roma-zigeuner
n	asm	no	stijve
n	or	no	kop
n	re	no	vereffenaar
n	pa	yes	uitvaartleider
n	asm	no	rukker
n	an	no	gyps fulvus
n	ddp	yes	animeren zijn
n	cds	no	wisselbalg
n	cds	no	appelflap
n	qas	no	parasitisme
n	dmc	yes	zot
n	an	no	coquette
n	ps	yes	druiloor
n	re	no	stouterd
n	an	no	lichtgewicht
n	asm	no	breed-boon plant
n	svp	no	razernij
n	an	no	palingachtigen
n	asm	no	dimwit
n	cds	no	afval
n	cds	no	fascista
n	svp	no	verbeelding
n	svp	no	gemakzucht
n	asm	no	engels bean
n	om	no	bips
n	qas	no	kaffer
n	cds	no	zeperd
n	om	no	homoseksuele mannen
n	cds	no	lol
n	cds	no	relikwieën
n	an	no	internet hoax
n	cds	no	scores
n	cds	no	smeerpoets
n	cds	no	verwatenheid
n	cds	no	duivel
n	om	no	homofiele
n	ddp	yes	uilskuiken
a	cds	no	zelfgenoegzaam
n	ps	yes	verspiller
n	qas	no	plukken
n	ddp	yes	unwiseness
n	cds	no	verworpen
n	dmc	yes	goof-off
n	asf	no	stomkop
n	qas	no	bemoeial
n	cds	no	hetzer
n	re	no	jeugddelinquent
n	asm	no	fuck
n	ddp	yes	zooerastia
n	cds	no	regelneef
n	om	no	achtersteven
n	cds	no	menigte
n	asm	no	oliebol
n	cds	no	ingroup
n	cds	no	vrije en aanvaarde metselaars
a	dmc	yes	desastreus
n	cds	no	diefstallen
n	ps	yes	mongoloide
n	cds	no	plukken
n	cds	no	kreng
n	an	no	moo-koe
n	ps	yes	zigeuners
n	an	no	schijtlaars
v	re	no	ontwenden
n	asf	no	uilebal
n	ps	yes	zulu's
n	ddp	yes	knucklehead
n	ddp	yes	barbaren
n	dmc	yes	apenkop
n	cds	no	clann
n	pa	yes	advocator
n	om	no	travestie
n	an	no	microbiële
n	svp	no	hebberigheid
n	an	no	neobatrachia
n	ddp	yes	flauwe kul
n	asm	no	teste
n	cds	no	geintje
n	an	no	hertenteek
n	an	no	bunny
n	qas	no	huishoudelijk afval
n	qas	no	stumper
n	cds	no	klungelaar
n	om	no	ipsilaterale
n	qas	no	onruststoker
n	ps	yes	zwarten
n	cds	no	bedrieger
n	cds	no	balling
n	svp	no	slacker
n	cds	no	tricker
n	an	no	bedrieger
n	cds	no	primitieveling
n	an	no	uilskuiken
n	cds	no	gerucht
n	an	no	krokodil
n	an	no	slip of the tongue
n	asf	no	hals
n	cds	no	familielijn
n	ddp	yes	bal gehakt
n	pr	no	pesterij
n	svp	no	apathie
n	cds	no	ruimen
n	asf	no	vaginaal
n	ps	yes	negroïde
n	cds	no	kankerzooi
n	qas	no	raudauwer
n	svp	no	avaritia
n	re	no	capo
n	cds	no	fluim
n	cds	no	huilbaby
n	re	no	calunnia
n	asf	no	brok
n	pa	yes	advocatenpraktijk
n	an	no	carcharodon rondeletii
n	cds	no	hannes
a	svp	no	met opgestoken zeilen
n	an	no	caprinae
n	cds	no	scribent
n	cds	no	grondwerker
n	an	no	escargots
n	qas	no	opstopping
n	an	no	carcharodon albimors
n	dmc	yes	leugentje om bestwil
n	om	no	homoseksualiteit
n	dmc	yes	stoethaspel
n	dmc	yes	leugen
n	pa	yes	criminele advocaat
v	re	no	stelen
n	an	no	doggie
n	an	no	doetje
n	qas	no	pakhuismeester
n	dmc	yes	lingerer
n	an	no	zeug
n	cds	no	vuilnisbakkenras
n	asm	no	jonge haan
a	ps	yes	razend
n	om	no	drag queens
n	cds	no	gemak
n	an	no	slechterik
n	an	no	microben
n	ddp	yes	dumbass
a	cds	no	onwettig
n	cds	no	wilde
n	an	no	toorn
n	ddp	yes	lastpost
n	ps	yes	ostragoten
n	cds	no	imbeciel
n	ddp	yes	gevangene
n	asm	no	stommerik
n	ddp	yes	jan-van-gent
n	an	no	nanus
n	cds	no	blaaskaak
v	cds	no	draineren
n	an	no	bedwants
n	svp	no	zondige begeerte
n	cds	no	roverij
v	cds	no	afpingelen
n	qas	no	plomperd
n	cds	no	warboel
n	cds	no	churl
n	asm	no	uilenbal
n	an	no	gewone pad
n	cds	no	wetteloosheid
a	cds	no	verfoeilijk
n	om	no	homo-erotische
n	svp	no	onverdraagzame
n	dmc	yes	varken
n	re	no	libeler
n	cds	no	modderaar
a	cds	no	veeleisend
n	ddp	yes	creatuur
n	cds	no	roversbende
n	cds	no	makelarij
n	pr	no	snol
n	ddp	yes	fielt
n	cds	no	zelfzucht
n	dmc	yes	wout
n	cds	no	doetje
n	qas	no	misslag
n	asf	no	domme gans
n	svp	no	duitendief
n	or	no	sul
n	dmc	yes	slechtheid
n	an	no	schorremorrie
n	dmc	yes	gannef
n	pr	no	prostituees
n	om	no	holebi
n	or	no	oetlul
n	asf	no	weetniet
n	cds	no	smurrie
n	an	no	schorpioenvis
n	an	no	megascops asio
n	asf	no	kinderkaartspel
n	cds	no	slinksheid
n	cds	no	jengel
n	ddp	yes	achterlijke
n	ddp	yes	klungel
n	re	no	misbruikt
n	an	no	bed bugs
n	dmc	yes	kruimeldief
n	svp	no	fanaticus
n	cds	no	hongerlijder
n	cds	no	smiecht
n	pr	no	sportieve dame
n	asm	no	europese bean
n	svp	no	jaloezie
n	cds	no	kuddedieren
n	om	no	homo man
n	pa	yes	openbare boekhouding
n	cds	no	klootspiraal
n	qas	no	schroot
n	re	no	zwart geld
n	cds	no	beroving
n	asm	no	boerenlul
n	asm	no	erwten
n	asm	no	moroon
n	re	no	seksueel misbruikt
n	asf	no	zot
n	an	no	aangepaste kikkers
n	an	no	steekmuggen
n	ddp	yes	rotzak
n	ps	yes	sukkel
n	qas	no	schilder-decorateur
n	cds	no	politieagente
n	cds	no	zwerver
n	cds	no	sloddervos
n	svp	no	vrek
n	cds	no	dieverij
n	ddp	yes	idioot
n	re	no	laster en smaad
n	re	no	tragische slechterik
n	an	no	cimex lectularius
a	cds	no	banaal
n	pr	no	deerne
n	asm	no	uil
n	ddf	yes	gebrek
n	asf	no	nitwit
n	dmc	yes	nar
n	dmc	yes	trickster
n	re	no	overtreding
n	an	no	onbenul
n	is	yes	boosdoener
n	cds	no	hoofdonderwijzer
n	re	no	scammer
n	or	no	eendvogel
n	cds	no	vrijmetselaars
n	ddp	yes	ferociousness
n	cds	no	verwanten
n	qas	no	provocateur
n	ddp	yes	klikspaan
n	ddf	yes	lelijkheid
n	asf	no	halvezool
n	dmc	yes	fraudeur
n	cds	no	maagschap
n	cds	no	nerdy
n	re	no	misdrijf
n	re	no	wetsovertreding
n	cds	no	hoeveelheid
a	ddp	yes	verstandeloos
n	asm	no	paardenboon
n	ps	yes	zwarthemden
n	cds	no	problematiek
n	asf	no	eikel
n	ddp	yes	flapdrol
n	cds	no	percelen
n	asf	no	pruim
n	pr	no	melkkoe
n	qas	no	retorica
n	pr	no	comare
n	an	no	zondigheid
n	an	no	snoodaard
n	pr	no	grote glimworm
v	qas	no	verknollen
n	asm	no	onbenul
n	ps	yes	churl
n	cds	no	pleegkind
n	qas	no	parasiteren
n	pr	no	mannelijke escort
n	qas	no	redekunst
n	qas	no	adept
n	cds	no	gemenerik
n	ddp	yes	retardatie
n	cds	no	kruisingen
n	cds	no	plant biotechnology
n	an	no	selachimorpha
n	re	no	misbruik
n	cds	no	nieuw geld
n	cds	no	git
n	asm	no	fu
n	an	no	gek
n	dmc	yes	gangsters
n	ddp	yes	drol
n	dmc	yes	simpele ziel
n	re	no	ndrangheta
n	cds	no	poepdoos
n	an	no	echte krokodillen
n	cds	no	huishoudelijk afval
v	re	no	kwellen
n	or	no	dikkop
n	cds	no	strafbaar feit
n	cds	no	narcisme
n	pa	yes	professoren
n	dmc	yes	onwaarheid
n	ps	yes	bedu
n	qas	no	teste
n	asf	no	onbenul
a	ddp	yes	geesteloos
n	cds	no	bordeelprostitutie
n	cds	no	know-it-all
n	svp	no	geil
n	qas	no	metaalafval
n	dmc	yes	damp
a	pa	yes	professoraal
a	cds	no	illegaal
n	svp	no	boosheid
v	qas	no	verhaspelen
n	cds	no	kudde
a	dmc	yes	misdadig
n	cds	no	gamingclan
n	cds	no	onverdraagzaamheid
n	dmc	yes	vogelvrije
n	re	no	verkrachtingen
n	ps	yes	oelewapper
n	or	no	zultkop
n	an	no	vlo
n	cds	no	gemengd ras hond
n	om	no	paederasty
n	an	no	ixodida
n	cds	no	achterlijke
n	asm	no	praeputium
n	re	no	tortuur
n	cds	no	baby's
n	om	no	derriere
n	an	no	zee schorpioen
a	ddf	yes	kreupel
n	asf	no	wisselaars
n	cds	no	homunculus
n	an	no	beesten
n	cds	no	iem. die te veel geld leent
n	qas	no	hufter
n	an	no	meedogenloosheid
a	ps	yes	joods
v	cds	no	pingelen
n	qas	no	cocktail
n	dmc	yes	sociale outcast
n	or	no	pieper
n	an	no	tater
n	cds	no	melange
n	or	no	pudden-head
n	an	no	lobbes
n	cds	no	de nar
n	svp	no	luiaard
v	qas	no	naar de knoppen helpen
n	an	no	tippelaarster
a	ps	yes	chinese
n	an	no	prostituee
n	cds	no	samenzweringstheoriën
n	cds	no	vogelvrij
v	asm	no	naaien
n	qas	no	klassieke retorica
n	ddp	yes	serpent
n	an	no	muskiet
n	re	no	delict
n	cds	no	wetsovertreding
n	svp	no	afschrik
n	ddp	yes	lariekoek
n	an	no	goorlap
n	pr	no	deern
n	or	no	finocchio
n	svp	no	goed-voor-niets
n	cds	no	chaotische verwarring
n	qas	no	baronieën
n	an	no	barbaarsheid
n	om	no	homofiel
n	qas	no	handlanger
n	cds	no	fundamentalisten
n	asm	no	lid
n	dmc	yes	provinciaal
n	cds	no	huis van prostitutie
n	cds	no	slappeling
n	an	no	body snatcher
n	an	no	wurm
n	ddp	yes	roffelaar
n	an	no	luis
n	ps	yes	moron
n	asm	no	mafketel
n	is	yes	paria
n	cds	no	venustempel
n	cds	no	leermeester
n	cds	no	wisselaars
n	asm	no	hode
n	re	no	crime passionnel
n	cds	no	sufkop
n	ddp	yes	onnozel persoon
n	ps	yes	lomperik
n	svp	no	opschepperij
n	ps	yes	hun
n	dmc	yes	onbeleefdheid
n	asm	no	teugel
n	dmc	yes	fatsoen
n	ddp	yes	larie
n	ddp	yes	smeerlap
n	cds	no	loge
n	cds	no	kruis
n	asm	no	stoorzender
n	dmc	yes	dillydallier
n	asf	no	ezelsveulen
n	an	no	schelpdieren
n	cds	no	wanhopige crimineel
n	cds	no	leugen
v	asm	no	oplichten
n	asf	no	snipperwerk
n	cds	no	stommerd
n	an	no	hond
a	asm	no	koffiebruin
n	dmc	yes	beunhaas
n	or	no	sukkel
a	dmc	yes	verdorven
n	pa	yes	voorspraak
n	cds	no	vertragen
n	cds	no	debiel
n	ddp	yes	droplul
a	svp	no	lelijk
n	pr	no	socialite
n	asm	no	f***ing
n	cds	no	ezelachtigheid
n	an	no	kikker
n	cds	no	leugentje om bestwil
n	an	no	slecht persoon
n	cds	no	dude
a	pa	yes	witteboorden-
n	re	no	schelm
n	asf	no	waanzinnige
n	ps	yes	barbaarse
n	pa	yes	grobbejanus
n	ps	yes	onbenul
n	an	no	beest
n	ps	yes	joodse gemeenschap
n	ps	yes	joodse
n	re	no	folteren
n	is	yes	arm
n	cds	no	vossen
n	ps	yes	negerinnen
n	ps	yes	zigeuner
n	qas	no	hout baron
n	cds	no	mess-up
n	pa	yes	lomperd
n	cds	no	zaniker
n	cds	no	schuilkerk
n	svp	no	superbia
n	cds	no	stinker
n	cds	no	verwenhuis
n	cds	no	correspondent
n	cds	no	blunder
n	cds	no	rouwdouw
n	cds	no	papier-pusher
n	an	no	afluisteren
n	ps	yes	homp
n	cds	no	bastaardering
n	asm	no	fallussymbolen
n	cds	no	diefstal
n	cds	no	cretin
n	an	no	microörganismen
n	or	no	domme gans
n	dmc	yes	goorlap
n	cds	no	nympho
a	svp	no	arogant
n	svp	no	furie
n	dmc	yes	chiseller
n	cds	no	fundi
n	qas	no	schijngeleerde
n	an	no	ferociousness
a	qas	no	middenklasse
v	qas	no	versjteren
n	an	no	element
n	an	no	melkkoe
n	ddp	yes	verklikker
n	cds	no	maffioso
n	svp	no	hoofdzonde
n	cds	no	herentoilet
n	or	no	kutje
n	an	no	carcharias vulgaris
n	pa	yes	academische gemeenschap
n	ps	yes	boer
n	om	no	flikker
n	dmc	yes	lijntrekker
n	asm	no	kretijn
n	svp	no	woedend
n	ps	yes	interfertility
n	om	no	homobeweging
n	cds	no	autowrak
n	cds	no	miesgasser
n	asm	no	zachte straal
n	cds	no	leegloper
n	dmc	yes	evilness
n	an	no	booswicht
n	cds	no	scherts
n	dmc	yes	vervalsingen
n	or	no	homo
n	asf	no	schaamspleet
n	re	no	tweede graad moord
n	pr	no	rattus norwegicus
a	om	no	atypisch
n	cds	no	wisenheimer
n	ddp	yes	judas
a	dmc	yes	smerig
n	dmc	yes	arme drommel
n	cds	no	kapoen
n	ddp	yes	beroerling
v	asm	no	minachten
n	pa	yes	strafpleiter
n	ddp	yes	detentie
n	re	no	rustler
n	pr	no	maitresse
n	qas	no	oerwoud
n	re	no	ontvreemding
n	om	no	fundament
n	cds	no	klootzak
n	cds	no	politieambtenaar
n	cds	no	jeugddelinquent
n	cds	no	repareren
n	cds	no	melkmuil
n	qas	no	circus
n	pa	yes	schaapherder
n	dmc	yes	loiterer
n	an	no	tippelprostitutie
n	svp	no	zeloot
n	cds	no	ontvreemding
n	cds	no	trasformismo
n	an	no	steenuil
n	an	no	gouden jakhals
n	cds	no	nieuwsjager
n	ddp	yes	verrader
n	cds	no	klaploper
a	dmc	yes	besmeurd
n	cds	no	baälsdienst
n	asm	no	f bomb
n	cds	no	crimineel
n	cds	no	plant fokker
n	om	no	travestieten
n	qas	no	middenstander
n	an	no	incompetent persoon
n	re	no	doden
n	dmc	yes	sufferd
n	ddp	yes	bumbler
n	dmc	yes	deserteur
a	svp	no	vijandig
n	asm	no	vuil
n	cds	no	halfbloed
n	cds	no	arme drommel
n	cds	no	zageman
n	an	no	biggetje
n	qas	no	redekunde
n	dmc	yes	nepper
n	an	no	palingen
n	cds	no	roffelaar
a	svp	no	zelfgenoegzaam
n	pa	yes	academici
n	re	no	chiseller
n	pr	no	huisrund
n	re	no	ontvreemden
n	an	no	muggen
n	cds	no	aanmatiging
n	re	no	terrorist
n	cds	no	croon
n	om	no	vrouw met adellijke titel
n	qas	no	stommiteit
n	cds	no	tuig
n	ddp	yes	blunderaar
n	svp	no	slackers
n	cds	no	zelfgenoegzaamheid
n	cds	no	stuntelaar
n	cds	no	dubbeltje romans
n	pa	yes	minister-counselor
n	dmc	yes	falsificatie
n	ddp	yes	nieuwsjager
n	cds	no	genoegzaamheid
a	cds	no	gewone
a	an	no	eigenzinnig
n	qas	no	vagebond
n	ddp	yes	churl
n	ddp	yes	retardie
n	pa	yes	vishandel
n	ps	yes	jojo
n	an	no	hirudinea
a	an	no	krenterig
a	dmc	yes	oneervol
n	cds	no	uilebal
n	pa	yes	deurwachter
n	asm	no	testes
n	ddp	yes	etterbuil
n	qas	no	klodderaar
n	asm	no	klok-en-hamerspel
n	cds	no	sekreet
v	asm	no	knarren
n	cds	no	begeestering
n	cds	no	heleboel
n	om	no	twink
n	asf	no	sufkut
n	re	no	concurrentievervalsing
n	re	no	roof
n	asm	no	mannelijk geslachtsdeel
n	asf	no	kalf
n	qas	no	necrotrofe
n	an	no	gallus gallus domesticus
n	cds	no	hoogmoed
n	asm	no	kloot
n	an	no	carcharias maso
n	cds	no	folderol
n	re	no	buit
n	cds	no	leerkracht
n	ddp	yes	onzinnige
a	ddf	yes	ontoereikend
n	cds	no	zwijnjak
n	or	no	onnozel persoon
n	dmc	yes	misleidende
n	re	no	furiousness
n	an	no	blattodea
n	re	no	veroordeelde misdadiger
n	cds	no	pedanterie
n	svp	no	onverschilligheid
n	ps	yes	mongoolse afkomst
n	or	no	aardappels
n	om	no	knapenschennis
n	dmc	yes	vrijgeest
n	cds	no	familie
n	cds	no	kippenvlees
n	cds	no	fascism
n	asm	no	dommerik
n	asm	no	goedgelovige
n	qas	no	ballast
n	asf	no	jojo
n	ddp	yes	hork
n	ddp	yes	uilebal
n	ps	yes	negerin
n	pr	no	huur jongen
n	cds	no	loanshark
n	cds	no	zooi
n	cds	no	moron
n	ddp	yes	betise
n	an	no	shark attack
n	re	no	belastering van karakter
n	qas	no	kladderaar
n	cds	no	extreem-winger
n	re	no	abductie
n	ps	yes	hansworst
n	re	no	booswicht
n	cds	no	stoethaspel
n	dmc	yes	rioolrat
n	ddp	yes	eendvogel
n	is	yes	ellende
n	asf	no	klootzak
n	re	no	rechercheur
n	ps	yes	goedgelovige
n	asm	no	druiloor
n	cds	no	boerenhufter
n	cds	no	slechte vis
n	asm	no	fluit
n	dmc	yes	vlegel
n	asf	no	stuk
n	rci	yes	boerenlul
n	ddp	yes	nanocephaly
n	asm	no	slurf
n	pr	no	domme koe
n	asf	no	meid
a	ddf	yes	verlamd
n	cds	no	fanaticus
n	dmc	yes	muntvervalsing
n	qas	no	liefhebber
n	an	no	dieren
n	cds	no	mussiness
n	ddp	yes	dunce
n	an	no	straatprostituee
n	re	no	doodsstrijd
n	rci	yes	barbaren
n	pa	yes	scheper
n	om	no	poove
n	pr	no	melkvee
n	cds	no	eendvogel
n	ps	yes	zigeunerin
n	ps	yes	plant fokker
n	pr	no	runderen
n	cds	no	gevangenbewaarder
n	an	no	ongeschoold persoon
n	ddp	yes	ettertje
n	cds	no	gannef
n	cds	no	dweepzucht
n	an	no	goedzak
n	ddp	yes	zot
n	asm	no	zot
n	cds	no	vroomheid
n	ps	yes	strafkaart
n	asf	no	sul
n	dmc	yes	viespeuk
n	om	no	tooches
n	svp	no	woede
n	cds	no	hartstocht
n	cds	no	boefje
n	asf	no	schede
n	ddp	yes	dierenwereld
n	pa	yes	juridisch adviseur
n	an	no	eurypterids
n	cds	no	goedgelovige
n	ddp	yes	lastpak
n	dmc	yes	zeden
n	ddp	yes	dierenleven
n	cds	no	verslaafde
n	or	no	vagina
n	or	no	brassica rapa
v	cds	no	opschransen
n	re	no	rover
n	dmc	yes	landloper
n	cds	no	patjakker
n	cds	no	kwartjesvinder
n	dmc	yes	boefje
n	cds	no	bedrieglijkheid
n	ps	yes	oen
n	ps	yes	uilskuiken
n	an	no	eend
n	cds	no	staak
n	asm	no	kwibus
n	an	no	eurypterid
n	rci	yes	raudauwer
n	cds	no	neonatale
n	an	no	softie
n	cds	no	zwenkt
n	an	no	vuilik
n	cds	no	onwaarheid
n	dmc	yes	domme august
n	cds	no	paparazzi
n	cds	no	pedagoog
n	an	no	carcharias rondeletti
n	cds	no	boerenkinkel
n	qas	no	uitkeringstrekker
n	or	no	veeleisendheid
n	dmc	yes	zedenbederver
n	an	no	paling
n	om	no	mannelijke seksualiteit
n	ddp	yes	zondigheid
n	asm	no	oelewapper
n	pr	no	losbandigheid
n	asf	no	griet
n	cds	no	dreutel
a	is	yes	smartelijk
n	ddp	yes	klets
n	cds	no	zwarthemd
n	pr	no	stoephoer
n	pa	yes	begrafenisondernemer
n	cds	no	bobby
n	or	no	poot
n	or	no	eendenkuiken
n	pr	no	peper-en-zoutvlinder
n	an	no	bufo
n	cds	no	eigendunk
n	cds	no	kwaaddoener
n	asm	no	nooky
n	qas	no	huis schilder
n	cds	no	onbescheidenheid
n	cds	no	vrijmetselarij
n	ddf	yes	lichaamsgebrek
n	qas	no	trawant
n	qas	no	churl
n	qas	no	stoker
n	an	no	nietsnut
v	asm	no	flensen
n	ddp	yes	hals
n	pr	no	bijvrouw
n	cds	no	schaapskop
n	an	no	rioolrat
n	an	no	muttonhead
n	or	no	inhoudsmaat
n	an	no	diddlyshit
n	cds	no	sukkel
a	qas	no	middeleeuws
v	asm	no	slapen
n	dmc	yes	plebejer
n	ddp	yes	woordenkakker
n	asm	no	haantje
n	cds	no	dime novel
n	pr	no	peppered mot
n	dmc	yes	dondersteen
n	re	no	schurk
n	svp	no	vraatzucht
n	ddp	yes	empirisme
n	re	no	foltering
n	cds	no	poets
n	cds	no	lafhartigheid
n	re	no	zeerovers
n	dmc	yes	luiaard
n	qas	no	megalomanie
n	ps	yes	dimwit
n	an	no	micro-organisme
a	dmc	yes	onrein
n	cds	no	de dwaas
n	ps	yes	meeuw
n	om	no	gayness
a	svp	no	kribbig
n	om	no	foeniculum vulgare
n	asm	no	toeter
n	asf	no	simpele
n	an	no	crocodilia
n	cds	no	rentenier
n	re	no	cosa nostra
n	pa	yes	cordwainer
n	re	no	woestheid
n	re	no	mishandeling
a	svp	no	vergramd
n	cds	no	wrak
v	asm	no	vogelen
n	ps	yes	mongools
n	re	no	flessentrekker
n	ddp	yes	proleet
n	ps	yes	wisselaars
n	om	no	derrière
n	or	no	homobeweging
n	cds	no	politieman
n	qas	no	magnaten
a	dmc	yes	stinkend
n	re	no	neonaticide
n	an	no	rauwheid
n	re	no	ongewenste intimiteiten
n	an	no	boef
n	cds	no	matcher
n	pa	yes	personeelslid
a	dmc	yes	namaak
n	cds	no	mensen
n	an	no	sciaenops ocellata
n	om	no	crossdressing
n	qas	no	parasitair
n	asf	no	pop
v	cds	no	sterven
a	ddp	yes	onnozel
n	cds	no	gespuis
n	dmc	yes	grappenmakerij
n	cds	no	manhoer
n	ddp	yes	heet kompres
n	ddp	yes	gek
n	re	no	deliquent
n	qas	no	huisschilder en decorateur
n	cds	no	grunge rock
n	svp	no	weerzin
n	pa	yes	lomperik
n	ddp	yes	barbaar
n	re	no	ondragelijke pijn
n	cds	no	leerkrachten
n	an	no	fats
n	cds	no	ribbemoos
n	asf	no	idioot
n	cds	no	toiletvoorziening
n	asf	no	pluim
n	cds	no	aftrekken
n	cds	no	arrivé
n	qas	no	zinklood
n	ddp	yes	zak
n	svp	no	afstoting
n	qas	no	pachters
n	qas	no	mengsel
n	asm	no	domme gans
n	or	no	brassica oleracea
n	qas	no	bumbler
n	cds	no	etterbak
n	cds	no	woekerrente
v	cds	no	ontwateren
n	dmc	yes	farizeeër
n	an	no	muil qualifier
n	qas	no	misdienaar
n	cds	no	smeerkees
n	cds	no	paskwil
n	ps	yes	rouwdouwer
n	cds	no	stommiteit
n	cds	no	lamzak
n	cds	no	misdaden
n	cds	no	crooner
n	ddp	yes	rapalje
n	cds	no	puinhoop
n	cds	no	lelijkerd
n	ddp	yes	fluim
n	an	no	huishoen
n	qas	no	blooper
n	re	no	beroving
n	cds	no	hoerenloper
n	dmc	yes	lowlife
n	cds	no	bengel
n	cds	no	dieven
n	asm	no	eendenkuiken
n	dmc	yes	smeerkees
n	qas	no	midden-inkomenslanden
n	svp	no	walging
n	an	no	sus domesticus
n	re	no	doodsangst
n	om	no	plantaire
n	cds	no	gek
a	cds	no	verstandig
n	ddp	yes	klungelaar
n	ps	yes	rroma
n	ddp	yes	aangever
n	cds	no	stam
n	ddp	yes	kwibus
n	asm	no	roe
n	cds	no	soortgenoten
n	ddp	yes	stommeling
n	an	no	onnozel persoon
n	an	no	phthiraptera
n	pa	yes	boerenkaffer
n	pa	yes	professor
a	is	yes	sip
a	dmc	yes	schandelijk
n	an	no	bison bonasus
n	an	no	mesobatrachia
n	an	no	bizon
n	or	no	aardappelen
n	qas	no	flub
n	ddp	yes	sufkut
n	cds	no	dweeb
n	dmc	yes	vrolijk andrew
n	svp	no	goof-off
n	cds	no	mooidoener
n	re	no	schavuit
n	pa	yes	klerk
n	an	no	papegaai
n	qas	no	bemanning
n	ps	yes	mestizo
n	qas	no	woudezel
n	an	no	nitwit
n	or	no	uilskuiken
n	qas	no	oproerkraaier
n	re	no	vermogensdelict
n	cds	no	paparazzo
n	ps	yes	drol
n	pa	yes	management accountant
n	dmc	yes	boerenkarhengst
n	ddp	yes	kletspraat
n	cds	no	dandy's
n	cds	no	by-blow
v	cds	no	slokken
n	svp	no	zinnelijkheid
n	om	no	anatomische termen van positie
n	an	no	sufkont
n	cds	no	enormiteit
n	cds	no	eikel
n	om	no	pederastische
n	dmc	yes	dissident
n	an	no	simpele
n	dmc	yes	dreutel
n	cds	no	onnozele bloed
n	cds	no	veldwachter
a	pa	yes	theoretische
n	pa	yes	diplomatieke titulatuur
n	or	no	kalf
n	cds	no	schranderheid
n	cds	no	arriviste
n	or	no	simpele
n	cds	no	ei
n	pa	yes	vis monger
n	cds	no	slechterik
n	asf	no	kutje
n	cds	no	hovaardij
a	svp	no	pretentieus
n	or	no	reuzenpompoen
n	cds	no	misdaad heer
a	dmc	yes	abject
n	an	no	treuzelaar
n	pr	no	huur jongens
n	re	no	vanger
a	svp	no	trots
n	asm	no	zwengel
n	an	no	vuile truc
n	cds	no	ballingschap
n	cds	no	roddeljournalist
n	or	no	stommerd
n	asf	no	domkop
n	or	no	holtor
n	cds	no	watje
n	ddp	yes	moron
n	cds	no	myriade
n	asf	no	pussy
n	ddp	yes	geestelijke handicap
n	cds	no	stouterd
n	cds	no	kuur
n	asm	no	laatste man
n	cds	no	baby
n	cds	no	openbare toiletten
n	an	no	insecten
n	cds	no	souteneur
n	re	no	wangebruik
n	om	no	sodomist
n	dmc	yes	plattelander
a	svp	no	wraakzuchtig
n	rci	yes	plomperd
n	cds	no	zotternij
a	ddp	yes	oenig
n	ddp	yes	agnosie
n	cds	no	vacuümriolering
n	om	no	contralaterale
n	cds	no	zakkenwasser
n	cds	no	groene
n	an	no	treuzelachtig
a	cds	no	egocentrisch
n	ps	yes	zwarthemd
n	qas	no	huis schilderen
n	cds	no	donderstraal
n	cds	no	correcties officier
n	ddp	yes	sufferd
n	dmc	yes	boerenpummmel
n	qas	no	brandhout
n	is	yes	behoeftigheid
n	asm	no	aanhangsel
n	qas	no	barbaarse
n	ddp	yes	barbaars
a	cds	no	slim
n	an	no	schreeuwuilen
n	asf	no	krankzinnige
n	cds	no	samenzweringstheorie
n	or	no	hansworst
n	dmc	yes	outcast
n	cds	no	pooier
n	an	no	verspreking
n	asf	no	kuiken
n	svp	no	toorn
n	ddp	yes	druiloor
n	cds	no	klikspaan
n	an	no	wilde os
n	ddp	yes	oligofrenie
n	pr	no	guff
n	dmc	yes	kriel
n	is	yes	duitendief
n	cds	no	delinquent
n	or	no	druppelglas
n	dmc	yes	heikneuter
n	cds	no	krantenman
n	cds	no	viespeuk
n	cds	no	brol
n	re	no	brutale aap
n	cds	no	riolering laten afvloeien
n	ddf	yes	mensen met een handicap
n	cds	no	protagonism
n	pa	yes	boerenkarhengst
n	om	no	achterhand
n	svp	no	schraper
n	cds	no	kruimeldief
n	an	no	hirudinean
n	svp	no	trencher
n	asf	no	stoot
n	an	no	huisjesslak
n	ps	yes	mongoolse
n	cds	no	boer
n	an	no	krokodillen
n	an	no	uilen
n	ps	yes	vernielal
n	pa	yes	boerenhufter
n	cds	no	hulp bij het onderwijs
n	an	no	pruillip
n	om	no	achterkant
n	ddp	yes	pokkenlijer
n	cds	no	overmoed
n	dmc	yes	vernedering
n	cds	no	nosy-parker
n	cds	no	newswriter
n	cds	no	bumbler
n	re	no	vermoord
n	re	no	laster
v	cds	no	omkomen
n	om	no	mevrouw
n	ps	yes	kruis
n	re	no	aanranden
n	ps	yes	afrikaanse afkomst
n	an	no	papegaaiachtige
a	svp	no	boos
n	an	no	barbarisme
n	cds	no	leugenaar
n	an	no	bed bug
n	an	no	bison bison
n	dmc	yes	leegloper
n	re	no	zwartmakerij
n	svp	no	aboulie
n	asm	no	teelbal
n	qas	no	sint-hubertushond
n	ps	yes	kalf
n	svp	no	kwaadheid
n	cds	no	casino gokken
n	dmc	yes	barbaars
n	re	no	martelen
n	an	no	vlooien
n	svp	no	hooghartigheid
n	cds	no	dommerik
n	cds	no	verwantschap groep
n	cds	no	racketeer
n	ddp	yes	ellendeling
n	qas	no	ondernemer
n	cds	no	champetter
n	dmc	yes	lomperik
n	pa	yes	uitvaartverzorger
n	cds	no	zwijn
n	cds	no	kretijn
n	re	no	camorra
n	cds	no	zeloot
n	cds	no	bal gehakt
n	cds	no	hanepoten
n	cds	no	dubbeltje roman
n	asf	no	uil
n	re	no	ontvoerders
v	an	no	stormen
n	ddp	yes	infauna
n	re	no	strafrechtelijk
n	an	no	bal gehakt
n	cds	no	chantage
n	cds	no	geestdrift
n	asf	no	saphead
n	svp	no	gulzigheid
n	dmc	yes	losbol
n	ps	yes	joodse godsdienst
n	cds	no	verteller
n	cds	no	stealer
n	re	no	rakker
n	dmc	yes	slecht persoon
n	cds	no	geldschieter
n	asm	no	sul
n	ps	yes	bulgaar
n	an	no	squalus carcharias
n	svp	no	onverdraaglijke
n	asm	no	vogel
n	asm	no	paal
n	pa	yes	primitieveling
n	re	no	moord
n	qas	no	kastensysteem
n	qas	no	geestelijke leider
n	dmc	yes	verkwister
n	pr	no	courtisane
n	ddp	yes	geklets
n	re	no	misbruik van macht
n	cds	no	grunge muziek
n	re	no	knevelarij
n	dmc	yes	abjection
n	cds	no	toddik
n	pa	yes	barbaarse
n	cds	no	pedant
n	re	no	exact
n	an	no	dierluizen
n	re	no	maffiosi
n	cds	no	crooners
n	dmc	yes	clowns
n	qas	no	noot
n	dmc	yes	hannes
n	an	no	anura
n	cds	no	allegaartje
n	cds	no	politievrouw
n	qas	no	klaploper
n	an	no	sus scrofa domesticus
n	cds	no	nietsnut
a	ddf	yes	slecht
n	pa	yes	academisme
n	an	no	geitebok
n	dmc	yes	bumbler
n	pa	yes	heikneuter
a	is	yes	mistroostig
n	cds	no	nerd
n	qas	no	leugentje om bestwil
n	dmc	yes	imitatie
v	cds	no	schrokken
n	cds	no	loeder
n	an	no	krentenpikker
n	re	no	terreuraanslagen
n	cds	no	janker
n	dmc	yes	moraliteit
n	asm	no	mafkees
n	dmc	yes	kleinering
n	ps	yes	raudauwer
n	qas	no	kastestelsel
n	cds	no	snuffelen
n	or	no	snee
v	re	no	teisteren
n	cds	no	locatie
n	cds	no	kruiper
n	cds	no	hoerenhuis
n	asm	no	stuk van de staart
n	cds	no	politie-agent
n	asm	no	hansworst
n	qas	no	slechte hoed
n	cds	no	kladschrijver
n	asf	no	vaginale
n	ddp	yes	rouwdouwer
n	is	yes	verstotene
n	an	no	grafrover
n	cds	no	huwelijksmakelaar
a	cds	no	kundig
n	dmc	yes	dakloze
n	cds	no	misgreep
n	asm	no	augurk
n	an	no	aureus
n	svp	no	antipathie
n	cds	no	element
n	an	no	achterlijke
n	an	no	snater
n	or	no	foeniculum vulgare
n	asm	no	erectie
n	ddp	yes	vertragen
n	an	no	ossen
n	ps	yes	boerenpummmel
n	cds	no	opschepperij
n	re	no	smaad
n	cds	no	beginneling
n	cds	no	kalfskop
a	ps	yes	joods an exceptional non-capitalization
a	svp	no	verbitterd
n	cds	no	sensatieverhaal
n	cds	no	bandieten
n	pa	yes	academische
n	ddp	yes	sekreet
n	cds	no	blunderer
n	dmc	yes	treasonist
n	ddf	yes	onbekwaamheid
n	qas	no	schilder en decorateur
n	ps	yes	koe
n	re	no	diefstal
n	cds	no	lulhannes
n	qas	no	ectoparasieten
n	ddp	yes	kakadoris
n	pa	yes	rouwdouw
n	cds	no	primaat
a	is	yes	treurig
n	cds	no	teringzooi
n	cds	no	moralisme
n	cds	no	omnium-gatherum
n	ps	yes	mongolen
n	cds	no	landloper
n	ddp	yes	mogool
a	is	yes	moedeloos
n	an	no	aansteller
n	dmc	yes	volksverlakker
n	an	no	uilenbal
n	asm	no	minkukel
n	cds	no	frutselaar
n	cds	no	dweper
n	an	no	binnenlandse kont
n	asf	no	muis
n	an	no	euraziatische griffon
n	an	no	varkens
n	cds	no	inbreekster
n	re	no	liquidator
n	asf	no	kalfskop
n	ddp	yes	dwaas
n	asf	no	imbeciliteit
n	cds	no	demagoog
n	asm	no	fallus
n	cds	no	hovaardigheid
n	cds	no	augiasstal
n	ddp	yes	ongeletterdheid
n	ps	yes	dommerik
n	ddf	yes	bochel
n	cds	no	zeveraar
n	cds	no	mug
n	dmc	yes	knurft
n	ddp	yes	kinkel
n	an	no	pooch
a	ddp	yes	onverstandig
n	re	no	aap
a	an	no	eigenwijs
n	re	no	runderdief
n	re	no	torment
n	qas	no	mengproduct
n	an	no	hirudo officinales
n	om	no	distale
n	or	no	kwalitatief uitermate teleurstellend
n	qas	no	stoethaspel
n	dmc	yes	zede
n	re	no	lastering
n	an	no	prop
n	ddp	yes	kontgat
n	dmc	yes	rentenier
n	or	no	geteeld kool
n	cds	no	bemiddelaar
n	re	no	beschimpingen
n	ps	yes	sufkop
n	qas	no	kasten
n	cds	no	sluwheid
n	an	no	hoaxes
n	om	no	griekse sex
n	ddp	yes	schorremorrie
n	cds	no	moneylending
n	an	no	parasiet
n	cds	no	bangerik
n	ddp	yes	sad sack
n	re	no	seksuele molestering
n	pr	no	concubinaat
n	cds	no	samenzweringstheorien
n	svp	no	werkeloosheid
n	cds	no	zeer veel
n	qas	no	epifyt
n	qas	no	gezwollen taal
v	cds	no	intrigeren
n	or	no	poesje
n	dmc	yes	mozarella
n	cds	no	ellendeling
n	ddp	yes	jojo
n	cds	no	doos
n	ddf	yes	verlamde
n	svp	no	zelfvoldaanheid
n	asm	no	schroeven
n	asf	no	codswallop
v	re	no	folteren
n	qas	no	heikneuter
n	dmc	yes	jammer
a	om	no	onregelmatig
n	an	no	bos taurus
v	cds	no	de eeuwigheid in gaan
n	ps	yes	uil
n	asf	no	dunce
n	cds	no	vrijmetselaren
n	ddp	yes	pillock
n	rci	yes	palurk
n	cds	no	samenzwering van stilte
n	pr	no	tippelaarster
n	ps	yes	boerenkaffer
n	or	no	bal gehakt
n	pr	no	straatprostituee
n	cds	no	computer nerd
n	cds	no	roof
n	cds	no	schavuit
n	or	no	homofiel
n	cds	no	zelftevredenheid
n	dmc	yes	viezerik
n	ddp	yes	barbaarse
n	svp	no	walg
n	an	no	vallen guy
n	cds	no	politieagenten
n	cds	no	roddelaarster
n	dmc	yes	frutselaar
n	dmc	yes	ballingschap
n	an	no	dierenrijk
n	dmc	yes	slackers
n	re	no	terreurbeweging
n	an	no	culex (culex) pipiens
n	ddp	yes	intellectuele stoornis
n	ddp	yes	uil
n	ddp	yes	wreedheid
n	cds	no	steekneus
a	ddp	yes	onbenullig
n	asm	no	droplul
n	cds	no	vuilnis
n	pr	no	minnares
n	cds	no	schuine huis
n	svp	no	apathisch
n	svp	no	lustgevoel
n	dmc	yes	zo-en-zo
n	or	no	stommerik
n	svp	no	zelfingenomenheid
n	svp	no	afschuw
n	cds	no	italiaanse maffia
n	asm	no	steenezel
v	qas	no	verkloten
n	cds	no	zwijnezooi
n	pr	no	lichtekooi
n	asm	no	mannelijkheid
n	pa	yes	academielid
n	asf	no	stommerd
n	asm	no	fallussymbool
n	cds	no	rakker
n	dmc	yes	zwerver
n	cds	no	jam
n	or	no	stomkop
n	cds	no	zeur
n	an	no	gannef
n	cds	no	raddraaier
n	cds	no	nieuwkomeling
n	cds	no	misdadiger
n	cds	no	postgrunge
n	pa	yes	hoogleraar
n	qas	no	rotzooi
a	qas	no	krankzinnige
n	an	no	hemipteran
n	ddp	yes	knoeier
n	ddp	yes	mafketel
n	an	no	gierigheid
n	qas	no	tagalong
n	ddp	yes	microcephalic
n	cds	no	ikzucht
n	ddp	yes	wezen
n	dmc	yes	januskop
v	cds	no	afluisteren
a	dmc	yes	vrekkig
n	cds	no	oetlul
n	ps	yes	bal gehakt
n	an	no	schapen
n	or	no	solanum tuberosum
n	ddf	yes	onderkruipsel
n	an	no	kip
n	or	no	steenezel
n	ps	yes	bedoeien
n	an	no	hals
n	qas	no	vast afval
n	svp	no	boos
n	svp	no	drift
n	re	no	daad van terrorisme
a	cds	no	laf
n	ddp	yes	rumormonger
n	cds	no	demagogie
n	qas	no	parasiet
n	an	no	slordig persoon
n	an	no	crocodylian
v	an	no	blaffen
n	or	no	knucklehead
n	cds	no	afgodsbeeld
n	an	no	genus anguilla
n	ddp	yes	dierlijke voortplanting
n	dmc	yes	minimumlijder
n	re	no	artikel 247 van het wetboek van strafrecht
n	an	no	rundvee
n	cds	no	topfiguur
n	ps	yes	inkiness
n	om	no	ventrale
n	dmc	yes	afgevallene
n	re	no	gewelddadige verkrachting
n	an	no	meercelligen
n	cds	no	vacuumriolering
n	dmc	yes	hansworst
n	dmc	yes	jezuïet
n	cds	no	afgodisch
a	om	no	homoseksuele
a	cds	no	arrogant
n	ddp	yes	vallen guy
n	cds	no	domme gans
n	ddp	yes	ongeletterd
n	cds	no	struikrover
n	cds	no	knurft
n	cds	no	zelfzuchtigheid
n	ps	yes	hork
n	ddf	yes	gebochelde
n	ps	yes	aziatisch
n	svp	no	tegenzin
n	dmc	yes	lummel
n	an	no	gyps fulvus fulvescens
n	an	no	genus vipera
n	svp	no	smulpaap
n	qas	no	huisschilder
n	ps	yes	nitwit
n	asm	no	rund
n	ddp	yes	pens
n	cds	no	barbaarse
n	cds	no	bedrijver
n	svp	no	gorger
n	dmc	yes	mislukkeling
n	ps	yes	intergenerieke hybride
n	ps	yes	plomperd
n	re	no	violatie
n	asm	no	zaadballen
n	ddf	yes	handicap
n	qas	no	schorremorrie
n	cds	no	'ndrangheta
n	dmc	yes	huichelarij
n	cds	no	afvalwater
n	cds	no	etter
n	cds	no	schurk
n	an	no	straatmeid
n	ps	yes	spaans
n	ps	yes	joodse geloof
n	cds	no	dogmatisme
n	an	no	dikkop
n	re	no	moordenaars
n	ps	yes	uilenbal
n	om	no	transvestie
n	cds	no	knoeier
n	qas	no	lastpost
n	cds	no	simpele
n	qas	no	restanten
n	cds	no	partij
n	or	no	pillock
n	cds	no	kruimelaar
n	om	no	kontneuken
a	cds	no	uitgekookt
n	cds	no	leger
n	cds	no	finagler
n	rci	yes	boer
n	re	no	kwaadaardige leugen
n	an	no	lafaard
n	cds	no	misdadige ellende
n	cds	no	bloodaard
n	an	no	oude wereld buffel
n	qas	no	orator
n	om	no	foeniculum vulgarae
n	pa	yes	lid van de faculteit
a	svp	no	geldzuchtig
n	qas	no	vrijheer
n	cds	no	toiletten
n	cds	no	rube
n	ps	yes	geesteszieke
n	or	no	holebi
v	cds	no	overeten
n	qas	no	brokstukken
n	ddp	yes	cretinisme
n	om	no	herenliefde
n	cds	no	ndrangheta
n	dmc	yes	galgebrok
n	qas	no	hork
n	cds	no	onderwezen
n	ddp	yes	epifauna
n	an	no	als huisdier gehouden schapen
n	an	no	zultkop
a	re	no	straf
n	cds	no	relekwie
n	or	no	angstvalligheid
n	qas	no	opruier
n	an	no	kwibus
n	an	no	nar
n	cds	no	fop
n	asm	no	gekheid
n	or	no	augurk
n	cds	no	omertà
n	re	no	vilifier
n	qas	no	mengelmoes
n	an	no	anguilla
n	ddp	yes	hondelul
n	ddp	yes	boerenkinkel
n	asm	no	vis
n	pr	no	hip
n	or	no	geïnverteerde
n	or	no	sufferd
n	dmc	yes	prutser
n	qas	no	compliance
v	qas	no	verkankelemienen
n	qas	no	industrieel
n	an	no	pad kikker
n	cds	no	droogrek
n	svp	no	jaloersheid
n	qas	no	pummel
n	re	no	overvaller
n	cds	no	flauwerik
n	an	no	mirco-organismen
n	re	no	zware misdaad
n	an	no	schijtlijster
n	qas	no	ballock
n	cds	no	idolatrie
n	ddf	yes	bultenaar
n	cds	no	gekriebel
v	re	no	bedriegen
n	ddp	yes	babbelkous
n	cds	no	dastardliness
n	asm	no	mongool
n	om	no	krent
n	cds	no	ikzuchtig
n	asf	no	augurk
n	re	no	vee rustler
n	ps	yes	cretin
n	asm	no	lichtgelovigheid
n	asm	no	goedzak
n	cds	no	zaag
a	is	yes	droevig
n	dmc	yes	snoodaard
n	asm	no	staak
n	cds	no	neonatus
n	dmc	yes	lorejas
n	an	no	naaktslak
n	ddp	yes	miesgasser
n	an	no	zwijnjak
n	ddp	yes	gewauwel
n	cds	no	wc-pot
v	asm	no	bedriegen
n	re	no	moord op
n	ps	yes	palurk
a	asm	no	mokka
n	svp	no	arrogantie
n	an	no	vamp
n	qas	no	onrustzaaier
n	an	no	bitch
n	pr	no	homoseksualist
n	cds	no	strafrechtelijk
n	cds	no	teringlijder
n	qas	no	hutch
n	cds	no	vallen guy
n	an	no	carcharias atwoodi
n	svp	no	lustfulness
n	cds	no	oelewapper
n	qas	no	boerenhufter
n	cds	no	huis van lichte zeden
n	or	no	komkommer wijnstok
n	ddf	yes	fysiek uitgedaagd
n	asf	no	droplul
n	svp	no	tightfistedness
a	cds	no	demagogisch
n	ddp	yes	verstandelijk gehandicapte
n	asf	no	wisselkind
n	dmc	yes	vuilik
n	cds	no	misdaad baas
n	ps	yes	botterik
n	cds	no	bagage trein
n	qas	no	retorisch
v	cds	no	vreten
n	asm	no	voorhuid
n	dmc	yes	verrader
n	om	no	lesbianisme
n	svp	no	onverdraagzaamheid
n	dmc	yes	galgenaas
n	an	no	insekten
n	cds	no	flater
n	ddp	yes	heikneuter
n	asm	no	ei
n	cds	no	lerares
n	cds	no	hondenlul
n	ddf	yes	dwerg
n	qas	no	roffelaar
n	cds	no	misdaad
n	asf	no	snee
n	ps	yes	hybridisering
n	pr	no	slet
n	svp	no	honger
n	svp	no	wellust
n	asm	no	bruin
n	ps	yes	idioot
n	om	no	batterij
n	cds	no	groveler
a	svp	no	boze
n	asm	no	halvezool
n	an	no	taddik
n	an	no	vuilnisbakkie
n	re	no	folteraar
n	svp	no	gourmand
n	om	no	posterieur
n	qas	no	bedelaar
n	cds	no	sjouter
n	ddp	yes	beuzelarij
n	dmc	yes	tragische slechterik
n	or	no	uilebal
n	re	no	seksuele mishandeling
n	an	no	dwergvleermuis
n	ps	yes	uilebal
n	ddp	yes	fumbler
n	an	no	idioot
a	svp	no	geërgerde
n	or	no	kalfskop
n	cds	no	rotzak
n	cds	no	wonk
n	cds	no	juut
n	asf	no	debiel
a	svp	no	geërgerd
n	ps	yes	joodse familie
n	cds	no	cockup
n	re	no	defamer
n	om	no	homoseksuele geaardheid
n	dmc	yes	palurk
n	re	no	letterdieverij
n	an	no	lowlife
n	cds	no	bandiet
n	an	no	halvezool
n	ddp	yes	weetniet
n	or	no	kut
n	an	no	cocotte
n	cds	no	belhamel
n	ps	yes	oost gothen
n	qas	no	schooien
n	re	no	kinderontvoering
n	cds	no	hofnar
n	dmc	yes	ondeugd
n	an	no	gezicht
n	an	no	kerkuil
n	cds	no	lijntrekker
n	cds	no	koe
n	ddp	yes	vlerk
n	cds	no	turnkey
n	ddp	yes	debiliteit
n	ddp	yes	imbeciliteit
n	pa	yes	boerenpummmel
n	om	no	gay
n	asm	no	spotter
n	asm	no	wanker
a	svp	no	opvliegend
n	pr	no	john
n	an	no	bietser
n	re	no	zedenmisdrijf
n	re	no	aanranding
n	cds	no	motoragent
n	an	no	man-etende haai
n	an	no	sissende kakkerlak
n	cds	no	kindje
n	pr	no	karrenpaard
n	pr	no	lampyris noctiluca
n	ddp	yes	roddelaar
a	an	no	gierig
a	ddp	yes	suf
n	ps	yes	eendenkuiken
n	or	no	kieskeurigheid
n	re	no	hatchet job
n	qas	no	kinkel
n	cds	no	tribale samenlevingen
n	cds	no	drukte
n	cds	no	kwakzalver
n	cds	no	kinderkaartspel
n	asm	no	spliterwt
n	asf	no	dombo
n	pa	yes	research professor
n	cds	no	kloris
a	is	yes	ongelukkige
n	dmc	yes	vuilpoes
n	pa	yes	accountant
n	cds	no	schare
n	cds	no	bloopers
n	is	yes	krent
n	om	no	crossdress
n	asm	no	fallisch symbool
n	qas	no	plattelandsbewoner
v	cds	no	te veel eten
n	cds	no	teem
n	asm	no	pikkie
n	asm	no	geslachtsklier
n	an	no	echte palingen
n	an	no	deerne
v	asm	no	vrijen
n	cds	no	vermogensdelict
n	ddp	yes	kankeraar
n	dmc	yes	paraiyar
n	cds	no	relieken
v	an	no	woeden
n	asm	no	leeghoofd
n	cds	no	penitentiair beambte
n	ddf	yes	kriel
v	cds	no	de poeper dichtknijpen
n	cds	no	politie
n	cds	no	domoor
n	qas	no	blunder
n	re	no	bandieten
n	re	no	kleinering
n	cds	no	grunge metal
n	pa	yes	piccolo
n	pr	no	uiltje
n	an	no	blattaria
n	an	no	homoseksualiteit
n	re	no	seksueel misdrijf
n	asm	no	geslachtsdeel
n	or	no	homofielen
n	asm	no	tamp
n	re	no	seksuele intimidatie
n	an	no	eurypteride
n	an	no	om crocodylia
n	is	yes	arme drommel
n	an	no	hoorndrager
n	pa	yes	botterik
n	qas	no	teelballen
n	cds	no	roofridder
n	re	no	kwaadsprekerij
n	cds	no	reactionaire
n	is	yes	gelofte van armoede
n	cds	no	meeuw
n	an	no	pipistrellus
n	qas	no	jungle
n	is	yes	nooddruft
n	cds	no	interspecifieke hybride
n	re	no	autodief
n	qas	no	mixage
n	is	yes	gierigheid
n	ddp	yes	domme gans
n	an	no	vulgariteit
n	pr	no	koppelaarster
n	cds	no	outlaw
n	ddp	yes	lobbes
n	asm	no	kaffer
n	qas	no	domheid
n	cds	no	pasgeborenen
n	dmc	yes	boerenkaffer
n	pr	no	mevrouw
n	ddp	yes	verstandelijke beperking
n	an	no	consumptiekip
n	ps	yes	roma's
n	ddp	yes	rund
n	dmc	yes	bandiet
n	pr	no	prostitutie
n	asf	no	shithead
n	qas	no	tinnef
n	dmc	yes	cheater
n	an	no	motten
n	an	no	goudjakhals
n	cds	no	veelweter
n	or	no	homoseksueel
n	cds	no	stommeling
n	qas	no	beroerder
n	an	no	kannibaal
n	ps	yes	lomperd
n	asf	no	fien
n	asm	no	koe
n	re	no	overlastdonatie
n	pa	yes	witte-boorden-werknemer
n	cds	no	raudauwer
n	qas	no	industriëlen
n	cds	no	geesteszieke
n	asm	no	fuck all
n	cds	no	geldschieters
n	cds	no	fascisme
n	asm	no	tuinerwt
n	asm	no	fava
n	an	no	konijntjes
n	cds	no	operator
a	ddf	yes	verachtelijk
n	cds	no	bawdyhouse
n	ps	yes	boche
n	an	no	duitendief
n	dmc	yes	kniezen
n	ddp	yes	lulkoek
n	re	no	criminele activiteiten
n	ddp	yes	sul
n	cds	no	druif
n	re	no	pikken
n	ps	yes	oostgoot
n	pr	no	mannelijke prostituee
n	ps	yes	kundig
n	asf	no	moroon
n	cds	no	gangsters
n	cds	no	naarling
n	cds	no	gappen
n	pr	no	straatmadelief
n	asf	no	achterlijke
n	dmc	yes	jokkebrok
n	ddp	yes	geraaskal
a	is	yes	onvermogend
n	qas	no	afval
n	cds	no	overlastdonatie
n	ps	yes	judaïsme
n	svp	no	onaangename
n	cds	no	makelaar
n	ddf	yes	dwerg-
n	ddp	yes	oen
n	cds	no	dickhead
n	cds	no	maçonnerie
n	qas	no	markt keeper
n	cds	no	peonage
n	svp	no	inhaligheid
v	cds	no	dood gaan
n	ps	yes	halfbloed
n	ddp	yes	hond
a	ddp	yes	stom
n	cds	no	lamgat
n	is	yes	vrek
n	ddp	yes	boerenhufter
n	re	no	ontvoering
n	ps	yes	krankzinnige
n	cds	no	zo-en-zo
n	cds	no	seksclub
v	cds	no	de pijp aan maarten geven
n	cds	no	wanordelijkheid
n	an	no	konijnen
n	pr	no	pistool moll
n	svp	no	zuinigheid
n	cds	no	massa's
n	cds	no	lorejas
n	an	no	ovis aries
n	or	no	sodemiet
n	re	no	grote diefstal
n	re	no	misbruik g
n	an	no	papegaaiachtigen
n	pa	yes	portier
v	asm	no	seksen
n	an	no	carcharias lamia
n	cds	no	onbeschaamdheid
n	an	no	diertje
n	asf	no	cretin
n	cds	no	roddel
n	re	no	diffamatie
n	an	no	sukkel
n	cds	no	hybride
n	an	no	schelm
n	pa	yes	ticket agent
n	asm	no	stommeling
n	or	no	homo-
n	an	no	galgeaas
n	cds	no	huis
n	cds	no	zijn kop turvyness
n	cds	no	weisenheimer
n	qas	no	koek
n	svp	no	narcisme
n	qas	no	pachter
n	cds	no	narcistische
n	an	no	oelewapper
n	qas	no	baronnen
n	pa	yes	persoonlijke leerstoel
n	pr	no	bijzit
n	qas	no	kantoorbaan
n	dmc	yes	apostaat
n	an	no	honden
n	qas	no	liegen
n	cds	no	kwibus
n	an	no	domkop
n	cds	no	mafketel
n	re	no	blaag
n	re	no	kwelling
n	cds	no	dombo
n	ddp	yes	achterlijkheid
n	re	no	verboden
n	or	no	ezel
n	svp	no	kwaad
n	an	no	humanus
n	asm	no	piemel
n	ddp	yes	gekakel
n	ddp	yes	tuig
n	an	no	naaktslakken
n	cds	no	paardenlul
a	cds	no	aanmatigend
n	cds	no	piw
n	qas	no	don
n	an	no	ballon swallower
v	asm	no	fokken
n	svp	no	zelfgenoegzaamheid
n	dmc	yes	taddik
a	qas	no	sneu
n	an	no	zuigen luis
n	asm	no	oen
n	cds	no	zootje
n	re	no	verdrag van de raad van europa inzake de bescherming van kinderen tegen seksuele uitbuiting en seksueel misbruik
n	cds	no	geklets
n	asm	no	vicia faba
n	an	no	mosquitoe
n	asm	no	sufkop
n	dmc	yes	nietsnut
n	an	no	onderorde blattaria
n	an	no	batrachian
n	cds	no	blooper
n	cds	no	simpele ziel
n	cds	no	handlanger
n	is	yes	schobbejak
n	qas	no	misser
n	pa	yes	buitenwipper
a	ddp	yes	onwijs
n	an	no	wisent
a	svp	no	gelddorstig
n	pa	yes	kantoormedewerker
v	cds	no	verslinden
n	ddp	yes	gemenerik
a	is	yes	berooid
n	an	no	zwijn
a	dmc	yes	catastrofaal
n	ps	yes	soft touch
n	an	no	konijn
n	svp	no	arrogant
n	cds	no	dief
n	cds	no	nitwit
n	ps	yes	hebreeuwse
n	ddp	yes	sufkont
n	cds	no	smeris
n	dmc	yes	vervalsen
n	svp	no	ijverzucht
n	dmc	yes	onverdraagzaamheid
n	qas	no	dakloze
n	an	no	temeier
n	cds	no	boosaardigheid
n	re	no	kwartjesvinder
n	ps	yes	gipsy
n	or	no	sufferig
n	asm	no	onbenulligheid
n	is	yes	stedelijke armoede
n	pr	no	koeien
n	or	no	bruinwerker
n	cds	no	pudden-head
n	asf	no	oliebol
n	an	no	snuit
a	ddf	yes	jammerlijk
n	svp	no	sensualiteit
n	dmc	yes	plichtsverzaker
n	qas	no	vuil
n	an	no	familie cimicidae
n	cds	no	vakidioot
n	qas	no	burgher
n	cds	no	buitenlands correspondent
n	asm	no	nietsnut
n	svp	no	tanha
n	ddp	yes	blunderer
n	is	yes	vrijwillige armoede
n	ps	yes	woudezel
n	qas	no	barones
n	dmc	yes	ethische motief
n	pa	yes	kaffer
n	ps	yes	vlerk
n	an	no	stomkop
n	qas	no	flater
n	re	no	outlaw
n	an	no	kleerluis
n	an	no	haaiaanval
n	cds	no	jeugdbende
n	cds	no	lummel
n	qas	no	rouwdouwer
n	re	no	wtc-verkrachter
n	an	no	hemipterous insect
n	ddp	yes	ignorant
n	qas	no	mikmak
n	qas	no	testikels
n	ddp	yes	domheid
a	svp	no	hebzuchtig
n	cds	no	betweter
n	dmc	yes	botterik
n	re	no	inbreker
n	an	no	pad
n	cds	no	kwezel
n	cds	no	pandar
n	or	no	stommeling
n	pr	no	gangster moll
n	pa	yes	counselor-at-law
n	ps	yes	wilde
v	cds	no	opvreten
n	ddp	yes	verteller
n	cds	no	plundering
n	ddp	yes	roddelaarster
n	an	no	dakloze
n	an	no	wolvin
n	ps	yes	negroïde ras
n	pa	yes	korporaal
n	ddp	yes	dikkop
n	an	no	razernij
n	asm	no	lijp
n	cds	no	complottheorieën
n	cds	no	middelaar
a	dmc	yes	voos
n	cds	no	grobbejanus
n	cds	no	vuiligheid
n	an	no	doggy
n	cds	no	barbaar
n	asm	no	snikkel
n	or	no	acribie
n	asf	no	oen
n	an	no	genus capra
n	cds	no	starheid
n	cds	no	kalf
n	ps	yes	natuurmens
n	asm	no	kalfskop
n	an	no	bizons
n	cds	no	zeikstraal
n	is	yes	armlastige
n	an	no	kwek
n	cds	no	schelm
n	an	no	dunce
n	dmc	yes	echtheid
n	cds	no	stuntel
a	cds	no	leep
n	cds	no	leraar
n	ddp	yes	microcephalie
n	an	no	codswallop
n	qas	no	complice
n	om	no	holtor
n	dmc	yes	grifter
a	is	yes	arme
n	is	yes	arme
n	pa	yes	leerstoelen
n	asm	no	dombo
n	asm	no	plasser
n	asf	no	malloot
n	an	no	haaien
n	cds	no	hoerenbaas
n	svp	no	gretigheid
n	cds	no	zeurpiet
n	ddp	yes	nonsens
n	asm	no	sannie
v	asm	no	spotten
n	an	no	bestialiteit
n	or	no	dunce
n	an	no	gewone jakhals
n	ddp	yes	etter
n	ddp	yes	sycofant
n	re	no	lasteraar
n	asm	no	boom
n	is	yes	schraper
n	om	no	foei
n	ddp	yes	zottenpraat
n	ddp	yes	gekwek
n	an	no	saphead
n	dmc	yes	mystificatie
n	an	no	als huisdier gehouden varkens
n	pa	yes	bedienden
n	cds	no	slacker
n	asm	no	avafauna
a	svp	no	ijdel
n	pr	no	concubinatus
n	cds	no	hobbezak
n	pr	no	commerciële seksuele
n	an	no	bastaard
n	re	no	gijzelnemer
n	asm	no	pterygiophore
a	svp	no	gebelgd
n	om	no	cross-dressers
a	dmc	yes	slecht
v	cds	no	verdrogen
n	an	no	sentimenteel gedoe
n	an	no	carcharodon capensis
n	re	no	stouterik
n	cds	no	gladakker
n	cds	no	vee rustler
n	ddp	yes	kwakzalverij
n	re	no	nietdeug
n	pa	yes	minister
n	re	no	doerak
n	cds	no	strooplikker
n	cds	no	snel een
n	cds	no	opperpriester
n	cds	no	barbaars
n	an	no	homofilie
n	an	no	legkip
n	om	no	homoseksueel
n	an	no	knucklehead
n	ddp	yes	analfabeet
n	cds	no	droplul
n	an	no	bedbugs
n	pa	yes	bijzonder hoogleraar
n	an	no	stommerik
n	ddp	yes	twirp
n	cds	no	bende cultuur
n	cds	no	ezel
n	ps	yes	bulgaren
n	or	no	trut
n	dmc	yes	vervalser
n	pa	yes	voorvechter
n	qas	no	hondehok
n	dmc	yes	liegbeest
n	cds	no	fabricator
n	qas	no	stokebrand
n	cds	no	drom
n	svp	no	zinloosheid
n	re	no	seksuele misdaad
a	svp	no	korzelig
n	ddp	yes	kwezel
n	cds	no	schijtlijster
n	cds	no	doodlopende straat
n	an	no	zakkenwasser
n	dmc	yes	verboden
n	cds	no	puzzelaar
n	cds	no	vlasbaard
n	an	no	zwakkeling
n	qas	no	barbaren
n	re	no	moord met voorbedachten rade
n	pa	yes	adjunct professor
n	pr	no	nachtvlinders
n	or	no	drol
n	re	no	manslag
n	ddp	yes	plurk
n	asm	no	mafkikker
n	an	no	kikvors
n	cds	no	trots
n	dmc	yes	rakehell
n	pa	yes	commies
n	an	no	microbe
n	cds	no	mormel
n	re	no	misdadiger
n	an	no	om crocodilia
n	ps	yes	chinees
a	ddf	yes	jammer
a	ddp	yes	onverstandige
a	is	yes	neerslachtig
n	rci	yes	rouwdouwer
n	dmc	yes	verworpenheid
n	cds	no	masonic
n	ddp	yes	gedupeerde
n	cds	no	advocatuur
n	cds	no	religieus fundamentalisme
n	asm	no	waanzinnige
n	asf	no	eend
n	ps	yes	joods
n	ddp	yes	domkop
n	cds	no	fanatiek
n	an	no	grote glimworm
n	cds	no	instructeur
n	qas	no	kennel
n	re	no	boefje
n	svp	no	schraapzucht
n	cds	no	souteneurs
n	is	yes	armzaligheid
n	cds	no	jokken
n	cds	no	schoolmeester
n	cds	no	dommigheid
n	dmc	yes	roffelaar
n	svp	no	leegheid
n	an	no	geteisem
n	qas	no	helper
a	is	yes	bedrukt
n	qas	no	baron
n	an	no	physiognomie
a	ddp	yes	breinloos
n	ddp	yes	onwetende
n	cds	no	rammelkast
n	ddp	yes	het beest
n	an	no	moue
n	ps	yes	wisselkind
v	cds	no	de doodssnik geven
n	ddp	yes	ploert
n	re	no	machtsmisbruik
n	pa	yes	verdediger
n	asm	no	menselijke penis
n	cds	no	picaro
n	re	no	terreurpleger
n	ddp	yes	boerenkaffer
n	cds	no	streek
n	om	no	homosexuelen
n	pr	no	hoer
n	an	no	epifauna
n	re	no	vergrijp
n	cds	no	relikwieen
n	dmc	yes	barbaarse
n	cds	no	sassing
n	cds	no	impertinentie
n	ddp	yes	sulligheid
n	ps	yes	mesties
n	qas	no	koopvrouw
n	qas	no	bloedhond
a	cds	no	ranzig
n	ddp	yes	aanbrenger
n	dmc	yes	balling
n	ddp	yes	gezwam
n	re	no	gestolen goederen
n	pa	yes	hufter
n	ps	yes	bedoeinen
n	om	no	anatomische houding
n	dmc	yes	boerenlul
n	an	no	uilachtigen
n	cds	no	minimumlijder
n	qas	no	parochies
n	cds	no	straatbende
n	or	no	nitwit
n	svp	no	begeerte
n	an	no	perca ocellata
n	cds	no	misdrijf
n	ps	yes	doofus
n	cds	no	sonny boy
n	ddp	yes	dieren
n	pr	no	onzin
n	ddp	yes	zoöfilie
n	or	no	utrechtenaar
n	an	no	koeien
a	ddp	yes	naïef
n	an	no	snavel
n	an	no	escargot
v	is	yes	afsmeken
n	cds	no	intrigant
n	cds	no	moraliserende
n	dmc	yes	raudauwer
n	re	no	kapoen
n	an	no	snol
v	cds	no	vergaan
n	pr	no	gondel
n	cds	no	ondeugende
n	asm	no	lomperd
n	is	yes	armoedigheid
n	pa	yes	kinkel
n	pr	no	beesten
n	dmc	yes	slacker
n	svp	no	geilheid
n	asm	no	wisselaars
n	dmc	yes	element
n	pa	yes	hoogleraar aan de universiteit
n	pa	yes	boerenpummel
n	cds	no	geteisem qualifier
n	dmc	yes	schurk
n	dmc	yes	crimineel
n	asf	no	druiloor
n	cds	no	modderen
n	ddp	yes	grobbejanus
n	re	no	misdaden
n	or	no	pompoen
n	cds	no	axiometer
n	re	no	kruimeldief
n	an	no	pillager
n	ps	yes	plantenveredeling
n	om	no	homo's
n	dmc	yes	libertijnisme
n	an	no	dombo
n	ps	yes	bedoeïen
n	cds	no	hondelul
n	pr	no	koe
n	asm	no	klojo
n	or	no	poes
n	svp	no	avariciousness
n	an	no	insect
n	asm	no	fuq
n	cds	no	correctie officier
n	ps	yes	kruising
n	ddp	yes	kwebbel
n	or	no	patat
n	dmc	yes	chiseler
n	cds	no	aanwensel
n	cds	no	kriel
n	re	no	lorejas
n	cds	no	lowlife
n	re	no	vlegel
n	an	no	adder
n	dmc	yes	morele waarden
n	re	no	moordenaar
n	ddp	yes	bullshit
n	cds	no	rioolbuis
n	cds	no	vrijmetselaars orde
n	an	no	mensenhaai
n	re	no	'ndrangheta
n	an	no	kikvorsachtigen
n	an	no	ass
n	ps	yes	mongoloïden
n	cds	no	samenzweerder
n	cds	no	gekruist
n	qas	no	aanhanger
n	ddp	yes	kwezelarij
n	pa	yes	voerman
n	cds	no	gokken casino
n	asm	no	domoor
n	cds	no	snob
n	asm	no	wank
n	asf	no	mafketel
n	svp	no	luiheid
v	cds	no	indrogen
n	re	no	strafbaar feit
n	ps	yes	dombo
n	cds	no	scum bag
n	dmc	yes	dweper
n	re	no	apenkop
n	ddf	yes	gehandicapt
v	is	yes	suppliëren
n	ps	yes	zoeloe
a	re	no	gewelddadige
a	dmc	yes	verachtelijk
a	dmc	yes	zedeloos
n	cds	no	nieuwgeborene
n	qas	no	stommelen
n	cds	no	amour propre
n	is	yes	verschoppeling
n	an	no	onbevoegde
a	dmc	yes	amoreel
n	cds	no	pocher
n	cds	no	wheeler-dealer
n	an	no	crocodylinae
n	om	no	reet
n	ddp	yes	kalf
n	or	no	uil
n	or	no	mietje
a	svp	no	hautain
n	re	no	beroofd
n	om	no	sodemieter
n	an	no	binnenlandse runderen
n	cds	no	hoerenkot
n	cds	no	blackball
a	svp	no	hatelijk
n	rci	yes	proleet
n	an	no	soft touch
n	pa	yes	auditdienst rijk
n	cds	no	bodem
n	an	no	slappeling
n	ps	yes	negroide
v	cds	no	ineenschrompelen
n	re	no	date-rape
n	qas	no	steuntrekker
n	qas	no	teelbal
n	or	no	tater
n	qas	no	geteisem
n	cds	no	prankishness
n	cds	no	alles en nog wat
v	cds	no	heengaan
n	qas	no	zakelijk leider
n	cds	no	schijtlaars
n	asf	no	doos
n	ddp	yes	klikker
n	dmc	yes	kerkverlater
n	rci	yes	botterik
n	dmc	yes	clown
n	cds	no	retirade
n	svp	no	vervelen
n	cds	no	cosa nostra
n	cds	no	wisselkind
n	om	no	naten
n	ddp	yes	shit
n	pa	yes	wilde
n	asf	no	stommerik
n	ddp	yes	leeghoofd
n	an	no	teken
n	pr	no	kreng
n	or	no	raap
n	dmc	yes	nietdeug
n	cds	no	botterik
n	an	no	geitachtigen
n	ps	yes	latino
a	svp	no	prikkelbaar
n	an	no	koetjeboe
n	ddp	yes	wijvenpraat
n	an	no	kakkerlakken
a	cds	no	afgezaagd
n	cds	no	pluimstrijker
n	cds	no	koek
n	qas	no	hachelijke toestand
n	cds	no	caravan
n	an	no	woede
n	cds	no	sad sack
n	cds	no	derrie
n	an	no	modder
n	pr	no	rundvee
n	ddp	yes	bestialiteit
n	pr	no	berkenspanner
n	ps	yes	half-kaste
n	cds	no	tragische slechterik
n	om	no	jonkvrouw
n	cds	no	lomperd
n	ps	yes	kaffer
n	asf	no	ezel
n	cds	no	druiloor
n	ps	yes	clochard
n	pa	yes	accountants-administratieconsulent
n	cds	no	provinciaal
n	ddp	yes	lul
n	pa	yes	academie
n	or	no	ierse aardappel
n	re	no	afrekenen met winkeldieven
n	cds	no	grappenmaker
n	cds	no	weetal
n	pa	yes	advocate
n	asf	no	kloris
n	an	no	gedierte
v	asm	no	palen
a	dmc	yes	onzedelijk
n	qas	no	parochie
n	cds	no	uitglijder
n	om	no	homofielen
n	cds	no	student
n	re	no	maffioso
n	an	no	sucker
n	an	no	carcharias verus
n	ddp	yes	pudden-head
n	pr	no	seksuele dienstverlening
n	an	no	lijp
n	an	no	treuzel
n	cds	no	voorspraak
n	cds	no	nepper
v	asm	no	rampetampen
n	ddp	yes	charlatan
n	re	no	siciliaanse maffia
n	svp	no	ongeïnteresseerbaarheid
n	re	no	gijzeling
n	cds	no	nouveau-riche
n	an	no	mollusca
n	re	no	zeeroof
n	om	no	homofilie
n	an	no	poulet
n	an	no	sciaenops ocellatus
a	svp	no	gram
n	re	no	godsoordeel
n	asf	no	appelflap
n	ps	yes	rouwdouw
n	re	no	roddelaar
n	asm	no	ezelsveulen
n	qas	no	bloopers
a	or	no	veeleisend
n	qas	no	landloper
n	an	no	caimaninae
n	qas	no	woelgeest
n	qas	no	boerenkinkel
n	an	no	domoor
n	cds	no	zuigeling
n	dmc	yes	overloper
n	cds	no	massa
n	an	no	vuilpoes
n	pr	no	fornicatress
n	re	no	zwendelaar
n	an	no	knut
n	qas	no	hode
n	an	no	leeghoofd
n	ps	yes	bedoeienen
n	cds	no	hooghartigheid
n	dmc	yes	moraal
n	pa	yes	tewerkgestelde
n	an	no	strix varia
n	cds	no	plebs
n	qas	no	onzin
n	ps	yes	joodse religieuze geschiedenis
v	qas	no	stuntelen
n	qas	no	barok
n	cds	no	clans
n	cds	no	halvezool
n	dmc	yes	fanaat
n	cds	no	jochie
n	ddp	yes	lazerstraal
a	ddf	yes	sneu
n	ddp	yes	kwakzalver
n	om	no	hol
n	qas	no	grobbejanus
n	cds	no	mis
n	cds	no	legioen
n	om	no	broodjes
n	or	no	bekertje
n	svp	no	eigenliefde
n	cds	no	krachtmens
n	cds	no	rommelzooi
n	cds	no	stelen
n	svp	no	7 hoofdzondes
n	cds	no	chief factor
n	cds	no	nimfomaan
n	ps	yes	jerry
n	cds	no	fanaat
n	cds	no	begard
a	dmc	yes	onbetamelijk
n	cds	no	dwaas
n	dmc	yes	fanaticus
v	qas	no	verprutsen
n	dmc	yes	verstotene
n	ps	yes	vernieler
n	an	no	gallus domesticus
n	qas	no	gewone
n	svp	no	krentenkakker
n	an	no	gewelddadige plunderaar
n	cds	no	wanorde
n	an	no	teek
n	qas	no	burgerlijke
n	ddp	yes	geteisem qualifier
n	cds	no	lomperik
n	cds	no	terug te praten
n	cds	no	lamstraal
n	cds	no	uitzuiger
n	ps	yes	zwart
n	cds	no	lav
n	an	no	megascops
n	pa	yes	speciale gezant
n	ps	yes	dwaas
n	an	no	shote
n	qas	no	proleet
n	an	no	joekel
v	cds	no	overlijden
n	dmc	yes	zedelijkheid
n	pa	yes	pyronia tithonus
n	pr	no	nonsens
n	cds	no	kwajongen
n	cds	no	beunhaas
n	ddp	yes	mongool
n	pa	yes	diplomatieke rang
n	is	yes	pauper
n	qas	no	verwerpen
n	qas	no	zaadbal
n	cds	no	dandyisme
n	cds	no	wagentrein
n	cds	no	docent
n	dmc	yes	rouwdouwer
n	cds	no	slons
n	pa	yes	controller
n	cds	no	nieuwtjesjager
n	svp	no	degout
n	an	no	spitsboef
n	dmc	yes	amateur
n	an	no	piechem
n	cds	no	toilet
n	ps	yes	domoor
n	ps	yes	kruisen
n	ps	yes	imbeciel
a	dmc	yes	gierig
n	is	yes	sociale outcast
n	cds	no	interfertility
n	an	no	haaienaanval
n	an	no	epifaunal
n	cds	no	cut-up
n	ddp	yes	ezel
n	dmc	yes	donderstraal
n	or	no	oranje
n	cds	no	geteisem
n	an	no	binnenlandse kip
n	dmc	yes	vervalsing
n	cds	no	studiebol
n	pr	no	prostituée
n	ddp	yes	gespuis
n	qas	no	gastplant
n	or	no	flamoes
n	cds	no	buitenechtelijk kind
n	cds	no	inbeelding
a	dmc	yes	rampzalig
n	pa	yes	werkkracht
n	dmc	yes	boef
n	cds	no	kleine
n	ddp	yes	kuiken
n	dmc	yes	duts
n	ddp	yes	geesteszieke
n	qas	no	burgher mensen
a	re	no	uitgelaten
n	qas	no	aanstoker
n	cds	no	rapalje
a	cds	no	hautain
n	dmc	yes	zwijnjak
n	ps	yes	mof
a	ps	yes	chinees
n	ddp	yes	ei
n	cds	no	hanenpoten
n	ps	yes	eendvogel
n	an	no	psittaciformes
n	cds	no	roddelaar
n	is	yes	armoedig
n	cds	no	pandoer
n	cds	no	nieuwkomer
n	an	no	schijterd
a	cds	no	pretentieus
n	cds	no	tribale
n	dmc	yes	le mat
n	cds	no	chiseller
n	svp	no	voluptueus
n	ps	yes	metoiken
n	ddp	yes	stoorzender
n	cds	no	kuddedier
n	an	no	wijngaardslak
n	cds	no	nymfomaan
n	dmc	yes	lomperd
n	cds	no	chantagemethode
a	dmc	yes	verfoeilijk
n	pa	yes	personeel
n	cds	no	futselaar
n	cds	no	hork
n	dmc	yes	strafrechtelijk
n	an	no	huur jongen
n	pa	yes	een professor
n	pa	yes	kwartiermeester
a	cds	no	achterbaks
n	ddf	yes	crookback
n	an	no	echte zwijnen
n	cds	no	vuilak
n	qas	no	primitieveling
n	cds	no	codswallop
n	qas	no	provinciaal
n	or	no	poove
n	asm	no	joystick
n	cds	no	slimmerd
n	cds	no	boerenlul
n	ddp	yes	allemaal onzin
n	qas	no	botterik
n	cds	no	bout
a	svp	no	verwaand
n	ps	yes	stommerik
n	dmc	yes	vlerk
n	cds	no	narcistisch
n	svp	no	zin
n	ddp	yes	doofus
a	svp	no	slechtgehumeurd
n	rci	yes	heikneuter
n	ddp	yes	gelul
n	cds	no	frik
n	asm	no	erwt
n	or	no	punctiliousness
n	qas	no	burgermannetje
n	an	no	menseneter
n	cds	no	schijter
n	or	no	flikker
n	ps	yes	boerenlul
n	ps	yes	negro
n	ddp	yes	ongeletterde
n	ps	yes	boerenkinkel
n	ps	yes	barbaars
a	cds	no	corrupt
n	ddp	yes	palurk
n	or	no	pruim
a	ddf	yes	onvoldoende
n	dmc	yes	blunderer
n	an	no	bedwantsen
n	cds	no	kakkebroek
n	cds	no	vlegel
n	qas	no	burgerlijk
n	ps	yes	rommany
n	cds	no	hoerenkast
n	an	no	vuile hond
n	dmc	yes	kinkel
n	ddp	yes	moederneuker
n	cds	no	leugentje
n	ddp	yes	beunhaas
n	cds	no	boosdoener
n	cds	no	gehaktbal
n	cds	no	scammer
n	an	no	prickteaser
n	re	no	misdadigers
n	svp	no	onkuisheid
n	ps	yes	fasciste
n	dmc	yes	renegaat
n	cds	no	lafaard
n	svp	no	lust
n	ps	yes	fascistische
n	asf	no	bal gehakt
a	ddp	yes	dom
n	cds	no	ontvreemden
n	cds	no	modder
n	re	no	ballingschap
n	pr	no	hetaere
n	cds	no	fascistische
v	cds	no	verschrompelen
n	asm	no	twirp
n	pr	no	ratten
n	an	no	sus domestica
n	cds	no	boo-boo
n	cds	no	flub
a	om	no	homoseksueel
n	cds	no	kadaver
v	re	no	pikken
n	qas	no	puree
n	pa	yes	schaapherderin
n	cds	no	moeial
n	cds	no	delict
n	pr	no	slovenly vrouw
n	ddf	yes	uit te schakelen
n	cds	no	blunderaar
n	qas	no	conformisme
n	asm	no	domheid
n	ddp	yes	bedrogene
n	pa	yes	proef advocaten
n	pr	no	straatmeid
n	an	no	pleurotremata
n	cds	no	kakdoos
n	cds	no	fundamentalisme
n	asm	no	kwezel
a	cds	no	omkoopbaar
n	an	no	kaaimans
a	is	yes	verdrietig
n	or	no	murphy
n	qas	no	gelijkvormigheid
n	asf	no	poppetje
n	om	no	vrouwelijke impersonator
n	cds	no	superbia
n	an	no	janhagel
n	an	no	slang
n	an	no	cuckold
n	cds	no	stamlid
a	is	yes	arm
n	an	no	wormen
n	ps	yes	zwerver
n	svp	no	krentenweger
n	cds	no	rasploert
n	qas	no	hok
n	ddp	yes	onbenulligheid
n	is	yes	drop-out
n	cds	no	framasson
n	ddp	yes	macrofauna
n	an	no	toddik
n	ddp	yes	zwetser
n	re	no	vee geritsel
a	dmc	yes	infaam
n	asm	no	sulligheid
a	dmc	yes	gewetenloos
n	cds	no	zwendelaar
n	asf	no	doofus
n	pa	yes	barbaar
n	re	no	winkeldiefstal
n	an	no	geit-antilope
n	cds	no	klabak
n	an	no	squalus lamia
n	ddp	yes	vrek
n	cds	no	klager
n	dmc	yes	sad sack
n	an	no	hoax
v	cds	no	het leven laten
v	qas	no	verknoeien
n	an	no	pier
n	cds	no	flik
n	qas	no	gespuis
n	re	no	misbruik van het ambt
n	pa	yes	hotelbediende
n	dmc	yes	afvallige
n	cds	no	woesteling
n	cds	no	spitsboef
n	dmc	yes	smeerpoets
n	svp	no	inactiviteit
n	ddf	yes	invaliditeit
n	cds	no	nymfomanie
n	asm	no	fallische
a	an	no	beestachtig
n	asf	no	eendvogel
n	an	no	geitenbok
a	dmc	yes	stinkt
n	dmc	yes	scum bag
n	an	no	canis lupus familiaris
n	dmc	yes	vuile hond
n	an	no	imbeciliteit
n	ps	yes	sufkont
n	an	no	dwerg-
n	ps	yes	chinese
n	ddp	yes	leuterpraat
n	cds	no	complottheorie
n	an	no	geitenmelk
n	cds	no	zemelap
n	cds	no	softie
n	ddp	yes	kwatsch
n	asm	no	gestoorde
n	cds	no	palurk
n	svp	no	zeven hoofdzonden
n	an	no	hyena
n	or	no	ei
n	ddp	yes	verstandelijk gehandicapt
n	cds	no	volksmenner
n	svp	no	overbodigheid
n	cds	no	oliebol
n	asm	no	testikels
n	or	no	kuiken
n	pr	no	vee
n	ddp	yes	raudauwer
n	an	no	tippelen
n	or	no	boeskool
n	cds	no	gepeupel
a	dmc	yes	vuile
n	cds	no	kerkvorst
v	cds	no	ratelen
n	cds	no	pokkenlijer
n	ps	yes	zulu mensen
n	cds	no	hyperseksueel
n	re	no	seksuele misdrijven
n	an	no	schraper
n	cds	no	gerechtsdienaar
a	is	yes	somber
n	cds	no	gestoorde
n	ddp	yes	apekool
n	pr	no	stadsrat
n	an	no	don juan
n	svp	no	de zeven hoofdzonden
n	an	no	big
v	is	yes	smeken
n	asf	no	flamoes
n	an	no	capra hircus
n	svp	no	eergevoel
n	an	no	anguillidae
n	om	no	dorsoventral
n	cds	no	begijn
n	dmc	yes	drop-out
n	ddp	yes	lammeling
n	ps	yes	proleet
n	re	no	vee overvallen
n	svp	no	nietsdoener
n	cds	no	narcisisme
n	ps	yes	vandalen
n	asm	no	erwt plant
n	qas	no	menigte
n	asm	no	ballock
n	an	no	familie crocodylidae
n	qas	no	boerin
n	or	no	zakkenwasser
n	cds	no	grifter
n	cds	no	luilak
a	is	yes	mismoedig
n	re	no	letterroof
n	dmc	yes	kaffer
n	qas	no	prul
n	an	no	schelpdier
n	qas	no	zakenlieden
n	cds	no	kinfolk
a	is	yes	bedroefd
n	cds	no	geborene
n	cds	no	vlotten
n	cds	no	closet
n	an	no	bakkes
a	is	yes	droef
n	cds	no	lening sharking
n	dmc	yes	zeloot
n	an	no	geit
n	asm	no	ezel
n	asm	no	cretin
n	pr	no	nachtvlinder
n	ddp	yes	hansworst
n	or	no	squash
n	an	no	debiel
n	dmc	yes	snotjongen
n	cds	no	coen berrier
n	cds	no	complottheorieen
a	ddp	yes	debiel
n	an	no	culicidae
n	cds	no	kwezelarij
n	asm	no	jacking off
n	an	no	gans
n	ps	yes	debiel
n	ps	yes	roetmop
n	is	yes	bedelman
n	cds	no	plurk
n	re	no	boosdoener
n	an	no	wandluis
n	cds	no	scherpzinnigheid
n	cds	no	broekje
n	pr	no	buitenvrouw
n	om	no	tribade
n	pa	yes	ordinarius
v	asm	no	soppen
n	qas	no	boerenkaffer
n	pa	yes	palurk
n	asm	no	imbeciel
n	cds	no	autokerkhof
n	dmc	yes	knoeier
n	cds	no	papparazzi
n	cds	no	oud versleten auto
n	om	no	venkel
n	dmc	yes	de dwaas
n	or	no	vreemd
n	pa	yes	kantoorbediende
n	qas	no	topman
n	svp	no	futiliteit
n	cds	no	scrawler
n	cds	no	pot
n	an	no	stinker
n	ddp	yes	iezegrim
n	asf	no	uilenbal
n	cds	no	schrijver
n	an	no	shithead
n	cds	no	plee
n	ps	yes	bedoeiene
n	ddp	yes	kloothommel
n	pa	yes	arbeidskracht
n	ps	yes	kalfskop
n	an	no	binnenlandse hond
n	cds	no	zak
v	cds	no	uitdrogen
n	asm	no	faba bonen
n	cds	no	overtreder
n	svp	no	roofzucht
n	ps	yes	domme gans
n	ddp	yes	boer
n	ddp	yes	roerverklikker
n	asm	no	wip
a	dmc	yes	bekrompen
n	pr	no	cocotte
n	ddp	yes	wild dier
n	ddp	yes	halvezool
n	ps	yes	eend
n	asm	no	jojo
n	cds	no	hals
v	cds	no	verscheiden
n	an	no	tamme varken
n	cds	no	wads
n	cds	no	pretentie
n	ddp	yes	leuteraar
n	asm	no	schaapskop
n	re	no	schuldig
n	ddp	yes	simpele
n	re	no	rovers
n	an	no	dierenwereld
n	or	no	oliebol
n	dmc	yes	galgeaas
n	asm	no	sufferd
n	an	no	klootzak
n	qas	no	sukkel
n	ddp	yes	rumourmonger
v	qas	no	krukken
n	cds	no	konkelarij
n	re	no	maffia
n	cds	no	zever
n	cds	no	hogepriester
n	asm	no	jongeheer
n	pa	yes	herders
n	ddp	yes	gehaktbal
n	ddp	yes	codswallop
n	cds	no	labbekak
a	svp	no	verbolgen
n	asm	no	tuinboon
n	an	no	slapjanus
n	pa	yes	minister-adviseur
n	qas	no	amateur
n	cds	no	piechem
a	is	yes	triest
n	ps	yes	zulu
n	cds	no	verwerpen
n	cds	no	freak
n	or	no	knol
n	om	no	sodomeur
n	asf	no	pens
n	an	no	onderorde blattodea
n	an	no	clochard
n	dmc	yes	verworpene
n	is	yes	outcast
n	re	no	verkrachten
n	pa	yes	boerenlul
n	cds	no	krabbelschrift
n	an	no	vipera
n	an	no	zot
n	dmc	yes	dallier
a	ddf	yes	betreurenswaardig
n	qas	no	endoparasieten
a	dmc	yes	vals
v	cds	no	expireren
n	cds	no	aap
n	pa	yes	advocaten
n	an	no	teef
n	asf	no	dwaas
n	an	no	europese pad
n	ps	yes	zwarte persoon
n	cds	no	mediateur
a	svp	no	vrekkig
n	an	no	krent
n	om	no	gat
n	an	no	culex pipiens
a	om	no	verschillende
n	dmc	yes	woudezel
n	qas	no	hobbyist
n	asf	no	babe
n	dmc	yes	zwendelaar
a	ddp	yes	domme
n	om	no	pedo
n	cds	no	rookie
n	qas	no	rhetor
n	cds	no	schijthuis
n	an	no	watje
n	om	no	travesti
n	or	no	cucurbita maxima
n	cds	no	zanikpot
n	cds	no	samenzwering theoreticus
v	cds	no	schransen
n	ddp	yes	analfabetisme
n	pa	yes	herder
n	dmc	yes	hufter
n	an	no	stommerd
a	dmc	yes	laaghartig
n	ddp	yes	meeuw
n	an	no	landloper
n	cds	no	snertvent
n	re	no	kidnap
n	dmc	yes	uitvreter
n	ddp	yes	onkunde
n	or	no	aardappel
n	an	no	serpent
n	dmc	yes	stinker
n	cds	no	plebejer
n	asm	no	ettertje
n	re	no	criminelen
n	re	no	gewelddadige
n	cds	no	grunge
n	qas	no	landbouwers
n	an	no	flapdrol
n	cds	no	openbaar kleedkamer
n	cds	no	opschepper
n	re	no	overval
n	ddp	yes	oliebol
n	cds	no	ploert
n	dmc	yes	kluns
n	an	no	dwerg
a	dmc	yes	berucht
n	asm	no	mogool
n	an	no	grote witte haai
n	cds	no	vals idool
n	an	no	scum bag
n	cds	no	booswicht
n	an	no	onbekwaam
n	is	yes	berooid
n	ps	yes	straatschender
n	qas	no	kastesysteem
n	cds	no	gratis mason
n	cds	no	schroot
n	cds	no	kniesoor
n	asm	no	piemels
n	is	yes	slechterik
n	cds	no	criminele bende
n	om	no	dames
n	ps	yes	hebraïsme
n	svp	no	afgunst
n	dmc	yes	libertijn
n	an	no	tragische slechterik
a	cds	no	hooghartig
a	ddf	yes	teleurstellend
n	an	no	pietje
n	svp	no	invidia
n	asf	no	spleet
n	cds	no	drukriolering
n	an	no	made
n	cds	no	gangsterdom
n	rci	yes	primitieveling
n	ddp	yes	dombo
n	ps	yes	mestizaje
n	cds	no	dom
n	asf	no	kanjer
n	re	no	nepper
n	cds	no	vlerk
a	is	yes	onbemiddeld
n	ps	yes	barbaar
n	re	no	gewapende overval
n	asm	no	gek
n	ddp	yes	oelewapper
n	cds	no	minkukel
n	cds	no	newspaperwoman
n	is	yes	booswicht
n	dmc	yes	plomperd
n	dmc	yes	klungelaar
a	cds	no	fascistisch
n	pa	yes	schaapherders
n	asm	no	tuinbonen
n	cds	no	blauwkous
n	re	no	ontucht
n	dmc	yes	onverdraaglijke
n	cds	no	agente
n	re	no	moord-zelfmoord
n	dmc	yes	luilak
n	an	no	carcharodon carcharias
n	om	no	ass
v	cds	no	bunkeren
n	or	no	komkommer
n	qas	no	landgenoot
n	cds	no	shit
n	ps	yes	romani
n	cds	no	probleem
n	cds	no	domkop
n	an	no	oostelijke schreeuwuil
n	ddp	yes	gebeuzel
n	cds	no	lolita
a	is	yes	schamel
a	ddp	yes	afgestompt
n	an	no	krokodillenleer
n	an	no	peppered mot
n	an	no	kalle
n	dmc	yes	kwaaddoener
n	cds	no	nieuwsgierigaard
n	cds	no	domheid
n	dmc	yes	bedrieger god
n	asm	no	shtup
n	asm	no	rollen in het hooi
n	ps	yes	geschiedenis van het jodendom
n	pr	no	gewone glimworm
n	ps	yes	zwarte mensen
n	an	no	cimicidae
n	an	no	dommerik
n	cds	no	zeiksnor
v	asm	no	bonzen
n	cds	no	uilenbal
n	cds	no	egghead
n	cds	no	augurk
n	re	no	zedenfeit
a	ps	yes	joodse
n	cds	no	eend
n	an	no	rouncey
n	cds	no	kriebelpootje
n	an	no	lampyris noctiluca
n	dmc	yes	morele code
n	ps	yes	nigga
n	cds	no	oen
n	cds	no	directeur
n	cds	no	onverlaat
n	asm	no	zaadbal
n	cds	no	toiletpot
n	cds	no	windzak
n	om	no	drag show
n	qas	no	mix
n	re	no	plagiarisation
n	cds	no	hoogdravendheid
n	an	no	papegaai-achtigen
n	an	no	dreumes
n	ddp	yes	gevangenen
n	ddp	yes	teringlijder
n	an	no	mollusken
v	cds	no	idoliseren
n	cds	no	nouveaux riches
n	an	no	kikvorsen
a	dmc	yes	onwelriekend
n	qas	no	sodbuster
n	asf	no	onnozele bloed
n	dmc	yes	paria
n	an	no	weet niets
n	asf	no	goedgelovige
n	asm	no	leuter
n	asm	no	f*ck
n	asf	no	folderol
n	cds	no	tussenpersoon
n	qas	no	autoinfection
n	ps	yes	gekruist
a	svp	no	verstoord
n	qas	no	bourgeoisie
n	cds	no	zwarthemden
n	ddp	yes	ignorantie
n	cds	no	klepton
n	ps	yes	vagebond
n	re	no	seksueel geweld
n	qas	no	halfparasiet
n	re	no	kruisiging
n	an	no	onbeschaafdheid
n	cds	no	wasrekje
n	cds	no	kliek
n	re	no	kindermoord
n	cds	no	zwarte lijst
n	ps	yes	schaapskop
n	pa	yes	assistent
n	an	no	runderen
n	re	no	inbreekster
n	pr	no	mannelijke prostitutie
n	pr	no	noorse rat
n	an	no	druif
n	re	no	dief
n	ddp	yes	leuterkoek
n	re	no	zedendelict
n	ps	yes	gehaktbal
n	pr	no	tippelprostitutie
n	qas	no	mededader
n	ps	yes	bedoeïene
n	or	no	tuffel
n	qas	no	bourgeoise
n	cds	no	infant
n	ps	yes	landloper
n	cds	no	openlijke en verborgen narcisme
n	an	no	muilpaard
n	ps	yes	hals
n	cds	no	mystifier
n	cds	no	welbehagen
n	asm	no	f-bomb
n	an	no	witte haai
n	qas	no	ezelachtigheid
n	cds	no	krachtpatser
n	qas	no	raddraaier
v	cds	no	de laatste adem uitblazen
n	ddp	yes	moronity
n	cds	no	grote ongewassen
n	an	no	schijthuis
n	cds	no	fascistische regime
n	an	no	goeierd
v	cds	no	marchanderen
n	cds	no	nar
n	pa	yes	corresponderend lid
a	ddp	yes	simpel
n	cds	no	fasciste
n	ddp	yes	loeder
n	qas	no	buma
n	pr	no	maîtresse
n	dmc	yes	dwaas
n	cds	no	criminaliteit
n	ps	yes	ei
n	om	no	geïnverteerde
n	cds	no	koddebeier
a	svp	no	aanmatigend
n	svp	no	vrekkigheid
n	cds	no	vogelvrije
n	dmc	yes	dilly-dallier
n	cds	no	criminele activiteiten
n	cds	no	toeschouwer
n	ddp	yes	schoft
n	cds	no	slordig persoon
n	ddp	yes	zwijn
n	om	no	knapenliefde
n	an	no	carcharodon
n	ddp	yes	informant
n	ps	yes	appelflap
n	cds	no	malloot
n	ddp	yes	zwammer
n	qas	no	winkelier
a	ps	yes	zwarte
n	re	no	afperser
n	an	no	diddly-squat
n	or	no	onbenul
n	asm	no	vallen guy
n	dmc	yes	bengel
n	cds	no	waanwijsheid
n	cds	no	moaner
n	ddp	yes	stomkop
n	svp	no	spiritlessness
n	cds	no	culchie
n	qas	no	kerkelijke parochie
n	an	no	angsthaas
v	asm	no	zwendelen
a	cds	no	stomme
n	asm	no	achterlijke
n	cds	no	woekeraar
n	pr	no	publieke vrouw
n	ps	yes	roma-mensen
n	cds	no	demagogische
n	qas	no	parasitaire
n	asm	no	testikel
n	an	no	gieren
n	cds	no	moroon
n	an	no	mannelijke escort
n	qas	no	blooper reel
n	ddf	yes	lichamelijke handicap
n	pa	yes	brigadier
n	dmc	yes	rover
n	dmc	yes	klaploper
n	or	no	schaapskop
n	ddp	yes	boerenlul
n	qas	no	zwerver
n	cds	no	lazersteen
n	an	no	amerikaanse buffels
n	asm	no	polsstok
n	ddp	yes	zultkop
n	re	no	crimineel gedrag
n	pa	yes	deur bewaker
n	cds	no	lijp
n	dmc	yes	aap
v	re	no	tormenteren
n	re	no	geldafpersing
n	cds	no	splashiness
a	ddp	yes	onintelligent
n	asm	no	idioot
n	cds	no	liegen
n	ddp	yes	lamstraal
n	cds	no	gangster
n	asf	no	kwalitatief uitermate teleurstellend
n	dmc	yes	hypocriet
n	cds	no	zelfvoldaanheid
n	an	no	gems
n	cds	no	gevangenis officier
n	ddp	yes	axiometer
n	cds	no	krankzinnige
n	an	no	slak
n	dmc	yes	veinzer
n	om	no	homo-
n	asf	no	schaapskop
n	an	no	nachtvlinder
n	re	no	kinderdoding
n	cds	no	maffiosi
n	ps	yes	kruisingen
n	svp	no	lijntrekker
n	an	no	diddley
n	an	no	buffel
n	ddp	yes	versliegeraar
n	cds	no	sul
n	om	no	anale betrekkingen
n	cds	no	bordeelhouder
n	an	no	strigiformes
n	an	no	onnozele bloed
n	ps	yes	stomkop
n	pa	yes	vrijer
n	is	yes	relatieve armoede
n	om	no	apicale
n	svp	no	lusteloosheid
n	cds	no	bastaard
n	cds	no	boerenpummel
n	ddp	yes	zakkenwasser
n	pa	yes	lector
n	an	no	papegaaien
n	an	no	geit antilopen
n	cds	no	rioolrat
n	qas	no	redenaar
v	re	no	jatten
n	pa	yes	onderzoeksassistent
n	an	no	ooi
n	cds	no	bleeksnoet
n	asm	no	fuck y'all
n	asf	no	muttonhead
n	re	no	marteling moord
n	cds	no	afgodendienst
n	pa	yes	schoenlapper
n	cds	no	pasgeborene
n	cds	no	volksleider
a	svp	no	agressief
n	an	no	haai aanval
n	an	no	equus africanus asinus
n	an	no	gewone adder
n	re	no	veedief
a	cds	no	misdadig
n	asf	no	meeuw
n	dmc	yes	bedrog
n	an	no	molusk
v	re	no	oplichten
n	qas	no	amerikaanse zakenman
n	qas	no	landarbeider
n	dmc	yes	gauwdief
n	om	no	kinderlokker
n	asm	no	bal gehakt
n	cds	no	stumper
v	cds	no	toegeeflijk
n	svp	no	traagheid
n	cds	no	roddelpraat
n	ps	yes	door de mens veroorzaakte hybride
n	ps	yes	gek
n	asf	no	sufkop
n	an	no	brant gans
n	an	no	gier
n	re	no	bruutheid
n	an	no	genus pipistrellus
n	re	no	kwatongerij
v	asm	no	neuken
n	pa	yes	schoenmaker
n	an	no	brent
n	re	no	bengel
n	re	no	wildheid
n	qas	no	massa
n	cds	no	rioleringsstelsel
n	cds	no	peons
n	ps	yes	vandaal
n	an	no	prul
n	ddp	yes	lulhannes
n	om	no	billen
n	cds	no	bemoeial
v	asm	no	slapen met
n	cds	no	penitentiaire ambtenaar
v	asm	no	fleppen
n	cds	no	neonaat
n	re	no	terreuraanslag
n	qas	no	paniekzaaier
n	cds	no	apenkop
n	om	no	crossdresser
n	om	no	tootsie
n	om	no	travestiet
n	re	no	chantage
n	cds	no	zultkop
n	svp	no	luilak
n	ddp	yes	kwal
n	svp	no	rooflust
n	qas	no	barokke architectuur
n	cds	no	mogool
n	asm	no	lul
n	cds	no	site
n	an	no	rode trommel
n	ddp	yes	incompetent persoon
n	dmc	yes	verworpeling
a	dmc	yes	oneerlijk
a	ddp	yes	schijt-voor-hersenen
n	cds	no	vrije metselaars
n	qas	no	huisvuil
a	qas	no	alledaags
n	cds	no	dievegge
n	or	no	hals
n	qas	no	ideoloog
n	re	no	plunderen
n	an	no	menselijk lichaam luis
n	om	no	homoactivist
n	qas	no	monger
n	cds	no	capo
n	cds	no	soft touch
n	an	no	vuilpeuk
n	an	no	vagebond
n	dmc	yes	kwartjesvinder
n	cds	no	gekheid
n	cds	no	kattenkwaad-making
n	asf	no	poes
n	ps	yes	pummel
n	qas	no	rhetoriek
n	dmc	yes	luierik
n	ddp	yes	lomp iemand
a	svp	no	onheus
n	cds	no	keet
v	qas	no	haspelen
n	ddp	yes	kletskoek
n	svp	no	hongerlijder
n	qas	no	leerling
n	dmc	yes	bandieten
n	ddp	yes	lijpo
n	dmc	yes	clochard
n	cds	no	sub-clan
n	asm	no	jan-van-gent
n	qas	no	snuffelen
n	cds	no	verduiveld
n	re	no	geplagieerd
n	qas	no	joekel
n	pr	no	koetje-boe
a	ps	yes	israëlitisch
n	ps	yes	zultkop
n	ddp	yes	gossiper
n	cds	no	peon
n	ddp	yes	smiecht
n	ddf	yes	functiebeperking
n	cds	no	vergrijp
n	cds	no	kladschrift
n	asf	no	druif
n	re	no	slecht gebruik
n	an	no	peper-en-zoutvlinder
n	cds	no	ultraconservatieve
n	ps	yes	roma
n	dmc	yes	kwaadaardigheid
v	asm	no	batsen
n	qas	no	stulp
n	pa	yes	pummel
n	ddp	yes	homp
n	dmc	yes	ongelukkige
n	ddp	yes	kolder
n	asf	no	flapdrol
n	an	no	kalf
n	cds	no	satyriasis
n	cds	no	charlatan
n	an	no	imbeciel
n	an	no	microorganismen
n	cds	no	schacht
n	an	no	sul
n	asf	no	koe
n	asf	no	technisch karakter
n	an	no	profiteur
n	ddp	yes	vuilak
n	re	no	plagiarization
n	qas	no	kloot
n	or	no	koe
n	cds	no	ballup
n	re	no	geroddel
n	cds	no	autodief
n	cds	no	crooning
n	dmc	yes	daklozen
n	asf	no	sukkel
n	or	no	knolraap
n	re	no	plundering
n	re	no	vlerk
n	cds	no	opvoeder
n	cds	no	hoi polloi
n	pa	yes	omroeper
n	ddp	yes	koe
n	cds	no	ton
n	an	no	kikkers en padden
n	cds	no	chef
n	ddf	yes	invalide
n	qas	no	loodgordel
v	asm	no	seks hebben
n	dmc	yes	draaikont
n	an	no	bangebroek
n	qas	no	jokken
n	pr	no	motten
n	cds	no	tweede-rater
n	an	no	hyena's
n	svp	no	eros
n	cds	no	moederneuker
n	an	no	zakkenvuller
n	om	no	anale sex
n	pa	yes	kracht
n	ddp	yes	tipgever
n	cds	no	krabbel
n	rci	yes	plebejer
n	an	no	kwaaddoener
n	an	no	infauna
n	re	no	crimineel
n	cds	no	jankepot
n	an	no	boerenlul
n	qas	no	testikel
a	cds	no	listige
n	cds	no	wasruimte
n	cds	no	lafheid
n	ddp	yes	primitieveling
n	asf	no	spetter
n	dmc	yes	morele kompas
n	cds	no	gedrevene
n	asf	no	jan-van-gent
n	ps	yes	kannibaal
n	ps	yes	plebejer
n	cds	no	boodschappenjongen
n	an	no	gestreepte bosuil
n	dmc	yes	leugenaar
n	svp	no	niggardness
a	svp	no	kwaad
n	asf	no	snede
n	cds	no	gesmoes
n	om	no	dragqueen
n	svp	no	begeerlijkheid
n	cds	no	luierik
n	qas	no	paladijn
n	ps	yes	jigaboo
n	qas	no	parochiaan
n	svp	no	onbescheidenheid
n	an	no	kinderkaartspel
a	dmc	yes	onzedig
a	ddf	yes	lelijk
n	cds	no	woeker
n	cds	no	bogarden
n	pr	no	seksverzorgende
a	an	no	vrekkig
n	ddp	yes	lomperik
a	svp	no	hooghartig
n	dmc	yes	boerenhufter
n	re	no	terroristische daad
n	qas	no	uitglijder
n	asm	no	jerk-off
n	om	no	homovervolging
n	pr	no	vrouw van de straat
n	or	no	spud
n	qas	no	hut
n	cds	no	gaatje
n	an	no	geheime luisteren apparaat
n	an	no	mafketel
n	asm	no	eendvogel
n	an	no	echte paling
n	re	no	aanrander
n	ps	yes	verkwister
n	cds	no	brokstukken
n	dmc	yes	moraliserende
n	re	no	zeerover
n	svp	no	de 7 doodzonden
n	an	no	ezelin
n	cds	no	homp
n	re	no	felonie
n	is	yes	armoede in de wereld
n	ddf	yes	gehandicapte
n	ddp	yes	gedierte
n	or	no	gleuf
n	pr	no	koetjeboe
n	asm	no	klier
n	an	no	branta bernicla
n	asf	no	vulva
n	an	no	publieke vrouw
n	an	no	crocodylidae
n	rci	yes	hork
n	re	no	serieverkrachter
n	ps	yes	jodin
n	cds	no	nouveau riche
n	re	no	bedrieger
n	cds	no	smeerlap
n	cds	no	klieken
n	dmc	yes	vals
v	asm	no	rollebollen
n	cds	no	officier
n	cds	no	samenzweringstheorieën
n	svp	no	verveling
v	asm	no	kieren
n	asm	no	noot
n	cds	no	wagen weg
n	cds	no	uil
n	or	no	slechte vis
n	cds	no	sentimenteel gedoe
n	re	no	terreurorganisatie
v	asm	no	coïteren
n	re	no	wanbedrijf
n	asm	no	homp
n	cds	no	slip van de tong
n	re	no	dievegge
n	cds	no	misdienst
n	or	no	boerenlul
n	an	no	mafkikker
n	pr	no	socialites
n	dmc	yes	goed-voor-niets
n	rci	yes	boerenkaffer
n	cds	no	rekel
n	qas	no	rommel
n	cds	no	massagesalon
n	re	no	illegale activiteiten
n	an	no	berkespanner
n	an	no	bloedzuiger
n	ddp	yes	onwetendheid
n	ps	yes	grobbejanus
n	asf	no	dikkop
n	cds	no	lekenzuster
n	qas	no	testis
n	om	no	sodomie
n	asf	no	minkukel
n	cds	no	rotzooi
a	svp	no	op hoge poten
n	dmc	yes	blunderaar
n	cds	no	plomperd
n	pr	no	concubines
n	ddf	yes	lichamelijk gehandicapte
v	cds	no	de geest geven
n	dmc	yes	rekel
n	dmc	yes	na-aperij
n	cds	no	zeurkous
a	dmc	yes	onecht
n	cds	no	hand job
n	pr	no	kalle
n	cds	no	tribale mensen
n	an	no	wijfjesvos
n	cds	no	jacking off
n	an	no	volaille
n	qas	no	mixture
n	re	no	sex met minderjarige
n	ps	yes	minkukel
n	cds	no	leraren
n	cds	no	vee overvallen
n	an	no	lichaamsluis
n	re	no	proletarisch winkelen
n	svp	no	hebzucht
n	cds	no	maffiabaas
a	svp	no	lustig
n	cds	no	boerenkaffer
n	an	no	snoet
a	cds	no	snood
a	ps	yes	neger
n	asf	no	kaffer
n	om	no	eikel
n	an	no	amerikaanse bizon
n	cds	no	hond
n	re	no	afpersing
n	svp	no	deugniet
n	ps	yes	wisselbalg
n	qas	no	neringdoende
n	ddp	yes	schepsel
n	cds	no	ballen-up
n	om	no	achterste
n	re	no	zeeroverij
n	an	no	helix pomatia
n	ps	yes	nigger
n	re	no	mafiabaas
n	re	no	vermoorden
n	asm	no	hand job
n	cds	no	zelfingenomenheid
n	dmc	yes	gangster
n	om	no	voorwaarden voor anatomische locatie
n	an	no	wild dier
n	cds	no	lul
a	ddp	yes	niet in staat
a	dmc	yes	vervuilde
n	an	no	krokodilachtigen
n	pa	yes	schaapkudde
n	cds	no	wc
n	dmc	yes	homunculus
n	asm	no	testiculaire
a	dmc	yes	immoreel
n	om	no	tooshie
n	dmc	yes	snertvent
n	ddp	yes	saphead
n	qas	no	non-conformistisch
n	an	no	macrofauna
n	ddp	yes	epifaunal
n	asm	no	pikie
n	qas	no	magnaat
n	cds	no	zelfaanbidding
n	cds	no	koelie
v	qas	no	verstieren
n	re	no	ontvoeren
n	pr	no	binnenlandse runderen
n	cds	no	schoft
n	an	no	het beest
n	qas	no	onwaarheid
n	qas	no	jam
n	ddp	yes	folderol
n	ddp	yes	bedrog
a	is	yes	vrekkig
n	ddp	yes	woudezel
n	re	no	lasterlijk
n	cds	no	rioolnet
n	cds	no	proletarisch winkelen
n	cds	no	straathond
n	cds	no	slackers
n	an	no	lijpo
n	cds	no	brutaliteit
n	ps	yes	ezel
n	pa	yes	speciale pleader
n	or	no	weetniet
n	or	no	idioot
n	cds	no	chawbacon
n	an	no	schijtluis
n	ddp	yes	kretijn
n	an	no	kikkerdril
n	ddp	yes	dommerik
n	an	no	smeerkees
n	cds	no	euveldaad
v	cds	no	versmachten
n	asm	no	gehaktbal
a	svp	no	rancuneus
n	qas	no	kaste
n	cds	no	sufkont
n	an	no	kikvorsachtige
n	asm	no	saphead
n	cds	no	geestdrijverij
n	ddp	yes	onzin
n	qas	no	liefhebbers
n	cds	no	backtalk
n	cds	no	rioolwater
n	om	no	pederast
n	cds	no	roerigheid
n	cds	no	gevangenis bewaker
n	ddp	yes	kaffer
n	cds	no	droogrekje
n	cds	no	puree
n	om	no	madame
n	asf	no	zultkop
a	dmc	yes	bedriegelijk
n	pa	yes	gewoon hoogleraar
n	cds	no	slimmerik
n	re	no	mafioso
n	cds	no	janhagel
n	om	no	transvestitisme
n	cds	no	schoolma'am
n	ps	yes	fascist
n	an	no	haaienbeet
n	om	no	homosexualiteit
n	cds	no	duts
n	cds	no	daad
n	ddp	yes	slechte vis
n	pr	no	de tamme rat "rattus norvegicus"
n	re	no	doding
a	svp	no	vraatzuchtig
n	cds	no	huisvuil
n	ddp	yes	botterik
n	cds	no	loonslaaf
a	is	yes	droefgeestig
n	an	no	eitje
n	svp	no	aboulia
n	an	no	familie anguillidae
n	re	no	terroristische
n	asm	no	piewie
n	cds	no	insolentie
n	or	no	gehaktbal
n	re	no	kidnapper
n	asm	no	eikel
n	cds	no	bikker
n	ddp	yes	plomperd
n	dmc	yes	verraadster
n	cds	no	hyperseksualiteit
n	qas	no	boer
n	an	no	oetlul
n	an	no	euselachii
v	asm	no	veronachtzamen
n	qas	no	burger
n	cds	no	shylock
n	cds	no	computeroperator
n	asf	no	homp
n	or	no	spleet
n	cds	no	soepzootje
n	om	no	knolvenkel
n	cds	no	hoofdriool
n	pa	yes	assistent-professor
a	svp	no	hebberig
n	re	no	marteling apparaat
n	qas	no	leugen
n	qas	no	dommigheid
n	dmc	yes	boerenpummel
n	cds	no	geldwolf
n	ddp	yes	paardelul
n	cds	no	aas
n	an	no	gestreepte uil
n	an	no	piet
v	asm	no	rammen
n	cds	no	verwantengroep
n	cds	no	vast afval
n	ps	yes	boerenhufter
n	ddf	yes	lilliputter
n	an	no	smeerlap
n	cds	no	jankerd
n	ps	yes	negers
n	re	no	gijzelaar
n	re	no	dieven
n	ddp	yes	klootzak
v	cds	no	fantaseren
n	ddp	yes	goedgelovige
n	an	no	schaal-en schelpdieren
a	cds	no	sluw
n	an	no	echte dwergvleermuizen
n	ps	yes	kretijn
n	an	no	fysiognomie
n	asm	no	uilskuiken
n	ps	yes	negroid
n	pa	yes	hoogleraar extraordinarius
n	ps	yes	steenezel
n	pa	yes	vlegel
n	ddp	yes	babbelaar
n	cds	no	rioleringsnet
n	dmc	yes	chawbacon
n	pr	no	rund
n	an	no	aphaniptera
n	ddp	yes	gekkenpraat
n	an	no	dwergvleermuizen
n	pa	yes	emeritus hoogleraar
n	an	no	sus scrofa domestica
n	cds	no	hazenhart
n	re	no	raptio
n	asm	no	lobbes
n	qas	no	boeren
n	cds	no	idiolatry
n	cds	no	snotjongen
n	svp	no	cheapskate
n	cds	no	afperser
n	an	no	kikkers-oud
n	asm	no	veldbonen
n	dmc	yes	hooimold
n	dmc	yes	gril
n	re	no	snoodaard
n	dmc	yes	no-rekening
n	qas	no	veehouder
n	cds	no	serpent
n	ddp	yes	licht verstandelijk gehandicapte
n	cds	no	onderwijzer
n	cds	no	inbreker
n	is	yes	have-not
n	qas	no	rapalje
n	an	no	druiloor
n	cds	no	taddik
n	pa	yes	kassier van theaterkassa
n	pa	yes	plomperd
n	re	no	moorden
n	cds	no	correspondenten
n	an	no	gemeenschappelijke mug
n	ddf	yes	mini-
n	asf	no	gestoorde
n	cds	no	horde
n	cds	no	rukker
n	qas	no	grote leugen
n	asm	no	lijpo
n	asm	no	teelballen
n	cds	no	public convenience
n	dmc	yes	pagadder
n	an	no	vale gier
n	an	no	billy goat
n	qas	no	plattelander
n	dmc	yes	snoever
n	om	no	laterale
n	an	no	ploert
a	ddp	yes	stupide
n	dmc	yes	foetor
n	an	no	grote witte haaien
n	svp	no	verwatenheid
n	an	no	lichaam luis
n	cds	no	leider
n	re	no	verkeerd gebruik
n	asf	no	gehaktbal
a	cds	no	geslepen
v	cds	no	konkelen
a	cds	no	listig
n	ps	yes	zwarte
n	rci	yes	boerenpummmel
n	cds	no	parvenu
n	cds	no	volksstam
n	an	no	zeeschorpioen
n	an	no	boer
n	cds	no	lulletje
n	pa	yes	controllers
n	cds	no	vast stedelijk afval
n	asf	no	moron
n	asm	no	wisselbalg
n	pa	yes	churl
v	cds	no	verzwelgen
n	om	no	niet-westerse concepten van de mannelijke seksualiteit
n	dmc	yes	hobo's
n	cds	no	clochard
n	ddp	yes	wisselaars
n	dmc	yes	hork
n	asf	no	sufferd
n	cds	no	veel
n	pr	no	poot
a	dmc	yes	onfatsoenlijk
n	is	yes	armoedzaaier
n	cds	no	volk
n	svp	no	eigendunk
n	ddp	yes	kletskous
a	cds	no	crimineel
n	pa	yes	horecaportier
n	dmc	yes	haringbuis
n	ps	yes	lomp iemand
n	dmc	yes	spitsboef
n	qas	no	lomperik
n	cds	no	nieuws correspondent
n	qas	no	troep
n	qas	no	common people
n	an	no	zwerver
n	dmc	yes	jandoedel
n	re	no	gangsters
n	asm	no	aves
n	qas	no	koopman
n	cds	no	loopjongen
n	cds	no	bluffer
n	cds	no	relikwie
n	dmc	yes	rouwdouw
n	cds	no	stupiditeit
n	pr	no	seksuele diensten
n	asm	no	testis
n	re	no	moordenares
n	pr	no	losse vrouw
n	dmc	yes	scammer
n	cds	no	fundamentalistisch
n	cds	no	kwal
n	re	no	oudste beroep ter wereld
n	qas	no	boerenpummmel
v	cds	no	binnenspelen
n	re	no	ombrengen
n	ddp	yes	barbarisme
n	an	no	gewone glimworm
n	asm	no	pisser
n	re	no	apenjong
n	an	no	shoat
n	ddp	yes	stoethaspel
n	ddp	yes	uilenbal
n	an	no	raunch
n	an	no	cootie
n	an	no	medicinale bloedzuiger
n	re	no	terroristisch oogmerk
n	ddp	yes	gedetineerde
n	dmc	yes	homunculi
n	cds	no	egoïstisch
n	svp	no	verlangen
n	an	no	phylum mollusca
n	ps	yes	joodse traditie
n	dmc	yes	broddelaar
n	ps	yes	mongolide
n	an	no	doodly-squat
n	cds	no	vent
n	cds	no	cipier
n	is	yes	armoede
n	re	no	godsgericht
n	or	no	cuke
n	cds	no	rouwdouwer
a	dmc	yes	krenterig
n	cds	no	dom persoon
n	cds	no	riool
n	cds	no	eigenwaan
n	an	no	bloeddrinker
v	asm	no	kezen
n	svp	no	losbandigheid
n	cds	no	groep
n	cds	no	wanbedrijf
n	svp	no	wellustigheid
n	ps	yes	mogool
n	re	no	donderstraal
n	asf	no	nar
n	re	no	kwajongen
n	qas	no	lomperd
n	qas	no	boerenpummel
n	ddp	yes	ongeschoold persoon
n	asf	no	dommerik
n	re	no	gewelddadigheid
n	ddp	yes	debilitas
n	pa	yes	administrateur
n	dmc	yes	schobbejak
n	ddp	yes	vlegel
n	cds	no	duivelse streek
n	ddp	yes	stumper
n	re	no	gijzelingsactie
n	an	no	bloemzak
n	or	no	dommerik
n	qas	no	dealer
n	cds	no	rover
n	om	no	kruis dressing
n	an	no	rund
n	ps	yes	achterlijke
n	dmc	yes	onverdraagzame
n	an	no	schurk
n	ddp	yes	onzinnigheid
n	re	no	gemolesteerd
n	an	no	schijt
n	ddp	yes	debiel
n	qas	no	boo-boo
n	cds	no	jandoedel
v	asm	no	naar bed gaan met
n	cds	no	aansteller
v	cds	no	metselen
n	cds	no	stelende
n	cds	no	prulleboel
n	cds	no	pandemonium
n	ddp	yes	weet niets
n	cds	no	ondeugd
n	pr	no	hetaera
n	svp	no	hebzuchtigheid
n	cds	no	prutser
n	cds	no	troep
n	qas	no	geslachtsklier
n	qas	no	blunderer
a	ddp	yes	onbekwaam
v	cds	no	dingen
n	asm	no	ithyphallic
a	asm	no	bruin
n	pa	yes	spekslager
n	dmc	yes	immoraliteit
a	ddf	yes	eenoogig
n	ddp	yes	gat
n	or	no	tomatenplant
n	ps	yes	slungel
n	svp	no	onzedelijk
n	cds	no	apenjong
n	an	no	ganzen
n	svp	no	wellustige
n	an	no	slip van de tong
n	dmc	yes	ploert
n	an	no	streek
n	qas	no	parasiterend
n	cds	no	tennef
n	dmc	yes	kruimelaar
a	is	yes	terneergeslagen
n	dmc	yes	valserik
n	an	no	animalculum
n	cds	no	sass
n	pa	yes	lijkbezorger
n	ddp	yes	plebejer
n	an	no	viezerik
a	dmc	yes	rampspoedig
n	cds	no	perspicaciousness
n	qas	no	repareren
n	an	no	europese bizon
n	dmc	yes	moreel failliet
n	cds	no	agitator
a	re	no	gewelddadig
n	re	no	stelen
a	svp	no	gierig
n	ps	yes	verbrasser
n	an	no	muildier muilezel
n	an	no	gemeenschappelijke luis
n	cds	no	fanatiekeling
n	cds	no	beestenbende
n	cds	no	hosselen
n	ddp	yes	klootspiraal
a	re	no	onstuimig
n	cds	no	gratis metselaar
n	is	yes	tragische slechterik
v	ddp	yes	afstompen
n	ddp	yes	microcefalie
n	asm	no	labboon
n	asm	no	professionele fout
n	ps	yes	stommeling
n	cds	no	studiehoofd
n	dmc	yes	sukkel
n	qas	no	knoert
n	ddp	yes	kinderkaartspel
n	pr	no	slons
n	ddp	yes	imbeciel
n	an	no	zeikerd
n	or	no	kool
n	asf	no	kretijn
n	an	no	wegslakken
n	an	no	boekanier
n	dmc	yes	booswicht
n	an	no	zaadkiem
n	or	no	venkel
n	dmc	yes	geloofsverzaker
n	cds	no	gemengde ras hond
n	rci	yes	lomperik
n	re	no	pijn
n	ddp	yes	tyfuslijer
n	asm	no	zultkop
n	ps	yes	moor
n	cds	no	in grote getale
n	ddp	yes	dom persoon
v	asm	no	bibberen
n	cds	no	zeikvent
a	svp	no	fier
n	ddp	yes	wisselkind
n	ps	yes	oetlul
n	an	no	mannelijke prostituee
n	ddp	yes	steenezel
n	asm	no	zakkenwasser
n	ddp	yes	klerelijer
n	dmc	yes	daad
n	or	no	druiloor
n	qas	no	zakenvrouw
n	pa	yes	raudauwer
n	cds	no	roddelpraatje
n	an	no	ezelsveulen
n	asm	no	appelflap
n	asf	no	poesje
a	is	yes	nooddruftig
n	re	no	vogelvrij
n	ps	yes	kraut
a	dmc	yes	kwalijkriekend
a	svp	no	haatdragend
n	qas	no	prutsding
n	ps	yes	jood
n	qas	no	conformistische
v	cds	no	ontslapen
n	an	no	koe
n	qas	no	fieldhand
n	an	no	eurypterida
n	om	no	toges
n	ddf	yes	een handicap mobiliteit
n	svp	no	grootsheid
n	ddp	yes	boerenpummmel
n	svp	no	trots
n	re	no	kidnaper
n	qas	no	stupiditeit
n	qas	no	zaadballen
n	cds	no	reactionair
n	an	no	vipera berus
n	pa	yes	jurist
n	is	yes	lage inkomens
n	qas	no	melange
n	cds	no	binnenste cirkel
v	cds	no	doodgaan
n	an	no	nachtvlinders
n	an	no	salientian
n	cds	no	brandhout
n	ddp	yes	fauna
n	an	no	meeuw
n	cds	no	amateur
n	asm	no	oetlul
n	ddp	yes	nitwit
n	ps	yes	nigra
n	an	no	goedgelovige
v	cds	no	afdingen
n	re	no	zwaar misdrijf
n	asm	no	stuk van ass
n	om	no	bibs
n	cds	no	gemengd rioleringsstelsel
n	om	no	nicht
n	an	no	aangezicht
n	qas	no	wederverkoper
n	or	no	nance
n	cds	no	conspiracism
n	asm	no	avifauna
n	qas	no	klungelaar
n	cds	no	krabbelpootje
n	an	no	aal
n	cds	no	kletspraatje
n	qas	no	akkerbouwer
n	dmc	yes	goede zeden
n	asm	no	aftrekken
n	re	no	seksueel misbruik
n	dmc	yes	futselaar
n	svp	no	fanaat
n	asf	no	gek
n	re	no	vogelvrije
n	pr	no	rentboy
a	svp	no	avaricieus
n	cds	no	afgodendienaren
a	cds	no	lafhartig
n	an	no	mot
a	cds	no	verboden
n	an	no	zo-en-zo
n	om	no	keister
n	cds	no	natuurlijke hybride
n	qas	no	duiken weging systeem
n	an	no	bokken
n	dmc	yes	churl
n	an	no	stroper
n	svp	no	afkeer
n	ddp	yes	waanzinnige
n	cds	no	mother fucker
n	asm	no	penis
n	an	no	bufo bufo
n	pr	no	hovelingen
n	cds	no	zeikerd
n	cds	no	maconnerie
n	an	no	kikkers
n	svp	no	krent
n	asf	no	uilskuiken
n	cds	no	bangerd
n	an	no	malloot
n	ddp	yes	pokkenvent
n	dmc	yes	outlaw
n	ddf	yes	nanus
n	pr	no	bruine ratten
n	om	no	basale
a	ddp	yes	imbeciel
n	svp	no	verontwaardiging
n	qas	no	amateurs
n	rci	yes	churl
v	cds	no	opslokken
n	cds	no	riolering
n	an	no	weekdier
n	an	no	huishond
n	ps	yes	eikel
n	an	no	beestachtigheid
n	cds	no	maçon
n	cds	no	angsthaas
n	cds	no	piw'er
n	re	no	martelarij
a	cds	no	gewiekst
v	qas	no	vergallen
n	pr	no	kutwijf
a	pa	yes	politiek
n	an	no	varkentje
a	an	no	hardnekkige
a	svp	no	agressieve
n	ddp	yes	idiotie
n	asm	no	goedgelovigheid
n	dmc	yes	moedeloosheid
n	ddp	yes	kletsmeier
n	an	no	gehaktbal
n	an	no	ezels
n	cds	no	religieuze discriminatie
n	an	no	limacidae
n	pa	yes	academicus
n	cds	no	woudezel
n	ddp	yes	druif
n	dmc	yes	zedelijk
a	is	yes	kaal
n	dmc	yes	kwajongen
n	cds	no	hele volksstammen
n	qas	no	janhagel
v	qas	no	hannesen
n	asf	no	imbeciel
n	cds	no	gossipmonger
n	re	no	ontvoerder
n	ddp	yes	idiotisme
n	or	no	brassica oleracea convar. capitata var. alba
n	cds	no	ijdelheid
n	an	no	gespuis
n	cds	no	wiegenkind
v	ddp	yes	verdoven
n	ps	yes	klepton
n	cds	no	lobbes
n	cds	no	conformistische
n	svp	no	schraapzuchtigheid
n	an	no	roodbaars
n	ddp	yes	kelerelijder
a	dmc	yes	immorele
n	ps	yes	natuurlijke hybride
n	ddp	yes	nieuwtjesjager
n	an	no	berkenspanner
n	cds	no	mietje
n	qas	no	beunhaas
n	qas	no	zeperd
n	an	no	dreigende blik
n	cds	no	bébé
n	qas	no	knoeier
v	cds	no	inslapen
n	cds	no	ordeloosheid
n	cds	no	lesgever
n	or	no	kloris
n	cds	no	probleemstelling
n	pr	no	kine
n	re	no	ontvoerd
n	is	yes	schurk
n	an	no	arionidae
n	cds	no	bastaardhond
n	cds	no	onecht kind
n	asf	no	vertragen
n	is	yes	krentenweger
n	cds	no	schoolvos
n	an	no	goat
n	or	no	eend
n	svp	no	eter
a	dmc	yes	detestabel
n	asf	no	steenezel
n	re	no	gemartel
n	asm	no	groene erwten
n	cds	no	prulschrijver
n	pa	yes	proleet
n	rci	yes	rouwdouw
n	an	no	slachtvee
n	cds	no	bezieling
n	qas	no	conformist
n	cds	no	mafkikker
n	cds	no	jerk-off
n	ps	yes	beduin
n	or	no	homoseksuele
n	ddp	yes	ezelsveulen
n	qas	no	medeschuldige
n	an	no	dumbass
n	cds	no	opstopping
n	or	no	snede
n	cds	no	voorstander
n	or	no	gay
n	ddp	yes	onbenul
n	cds	no	penitentiair inrichtingswerker
n	qas	no	jaknikker
n	pr	no	courtisanes
n	an	no	nachtroofvogels
n	an	no	adder in het gras
n	svp	no	kinnesinne
n	dmc	yes	doerak
n	pr	no	hetaira
n	qas	no	-baron
n	cds	no	prelaat
n	cds	no	diender
n	cds	no	schorremorrie
n	asm	no	druif
a	dmc	yes	zondig
n	cds	no	koppel
n	qas	no	geteisem qualifier
n	is	yes	paupers
n	cds	no	groentje
n	om	no	transvestiet
n	qas	no	detaillist
n	cds	no	huishoudelijk afvalwater
n	an	no	jojo
v	re	no	verdonkeremanen
n	an	no	schelpvis
n	cds	no	geslacht
n	asf	no	gleuf
n	ps	yes	zwarte man
n	ps	yes	mongoloïde ras
n	cds	no	factor
n	rci	yes	kinkel
n	om	no	homosexueel
n	ps	yes	augurk
n	pa	yes	plebejer
n	om	no	sodomiet
n	ddp	yes	fuckhoofd
n	cds	no	knoert
n	ps	yes	sul
n	re	no	date rape
n	or	no	minkukel
n	cds	no	kankerlijer
n	om	no	cross-jurk
n	an	no	furie
n	cds	no	mafioso
n	pa	yes	diplomaat
n	cds	no	amateurisme
n	asf	no	domoor
v	cds	no	zwelgen
n	an	no	oen
n	cds	no	dondersteen
n	dmc	yes	pummel
n	ps	yes	mestiezen
n	cds	no	boekengeleerdheid
n	dmc	yes	deliquent
n	an	no	bangerik
n	qas	no	duiken gewichtenregeling
n	cds	no	haasvreter
n	an	no	hirudo medicinalis
v	cds	no	insluimeren
v	cds	no	kuipen
n	cds	no	leeghoofd
n	asf	no	mafkees
n	an	no	hoer
n	cds	no	tuut
n	svp	no	7 zonden
n	svp	no	hunkering
n	an	no	zoetje
n	cds	no	wout
n	an	no	kankerwijf
n	cds	no	balladeer
n	cds	no	dweperij
n	dmc	yes	apekop
n	cds	no	vagebond
n	cds	no	ongewenste e-mail
